1 0.537714992250715 0.507486241204398 0.8969898905072894 0.4900923456464495
1 0.17553670065743582 0.7305681364876884 0.3500950677054269 0.14428302219935826
1 0.5093826225825718 0.4439687728881836 0.9812347548348563 0.7011825016566685
1 0.5075155666896275 0.21709716320037842 0.3783761092594692 0.2181483336857387
1 0.7401019505092076 0.14242912190301077 0.22744764600481307 0.22247779369354248
1 0.44187797818865093 0.7112855911254883 0.1607311453138079 0.24197966711861746
1 0.31130824770246235 0.6579386847359794 0.14579926218305314 0.2079892839704241
1 0.078529919896807 0.6162149565560477 0.157059839793614 0.09653380938938685
1 0.39854584421430317 0.2843587398529053 0.4676563399178641 0.17122205666133336
1 0.21562480926513672 0.6516268593924386 0.12347221374511719 0.12578187670026506
1 0.14310448510306223 0.5350981099264962 0.28620897020612446 0.1304797445024763