1 0.6901211057390485 0.1674631323133196 0.23131990432739258 0.21711301803588867
1 0.6437168121337891 0.5678630556379046 0.5830402374267578 0.33400048528398785
1 0.15756053583962576 0.762296199798584 0.3151210716792515 0.15460450308663504
1 0.40619421005249023 0.7357258796691895 0.1653564316885812 0.25136756896972656
1 0.4617342948913574 0.2459313358579363 0.3771592548915318 0.2177001748766218
1 0.7591297967093331 0.29520818165370394 0.3352640015738351 0.1267422607966832
1 0.35853821890694754 0.3119479588099888 0.48011384691510883 0.17401799133845738
1 0.11290452310017177 0.47631863185337614 0.22580904620034353 0.10053559712001256
1 0.12585356405803136 0.5655393600463867 0.25106305735451834 0.1331907340458461
1 0.2757315976279123 0.5986499786376953 0.1536092758178711 0.3946582589830671
1 0.15229851858956472 0.3856551306588309 0.15221851212637766 0.09418763433183942
1 0.4580488545554025 0.20223845754350936 0.3970977919442313 0.11667813573564802
1 0.45773703711373465 0.09276856694902692 0.8881650652204242 0.18505852563040598
1 0.0637684805052621 0.6482031685965401 0.12702202796936035 0.08523743493216378
1 0.2751838139125279 0.45086554118565153 0.12571171351841517 0.23574038914271764
1 0.5255146707807269 0.653066771371024 0.2825563635144915 0.10295942851475307