0 0.8230577196393695 0.3300140244620187 0.22481741224016463 0.49664129529680523
0 0.649651323046003 0.4755749021257673 0.18295042855398996 0.45713721002851215
0 0.47250849860055105 0.31903079577854704 0.23604641641889298 0.6231123379298619
0 0.3713641847882952 0.26455732754298616 0.21241249356951034 0.5261740003313337
0 0.620215620313372 0.12508164984839304 0.1332378728049142 0.24892982414790563
0 0.1522125176021031 0.08707525900432042 0.302771840776716 0.17380504948752268
0 0.7262227194649833 0.15703667913164412 0.17520175661359513 0.30863142013549805
0 0.21121226038251603 0.40038531167166574 0.42228221893310547 0.5062152317592076
0 0.8579566819327218 0.10627283368791852 0.2816623960222517 0.21186293874468123
0 0.06551532660211835 0.4709953580583845 0.1309038826397487 0.30575997488839285
