0 0.7296006338936942 0.15823326792035783 0.23554113933018275 0.22783189160483225
0 0.6063924516950335 0.5820178985595703 0.7719760622297015 0.5181484222412109
0 0.16976235594068254 0.7580133165631976 0.3394176959991455 0.15889910289219447
0 0.5804661342075893 0.5536061695643834 0.8310010773794991 0.771223885672433
0 0.4955966813223703 0.23625421524047852 0.38212653568812777 0.21648563657488143
0 0.793482848576137 0.2907085759299142 0.33943189893450054 0.1293325424194336
0 0.2347670452935355 0.3728878157479422 0.2615795476096017 0.10218896184648786
0 0.12041313307625907 0.47067458289010183 0.24082626615251815 0.10190817287990026
0 0.5028774057115827 0.5260387829371861 0.9889915330069405 0.9479224341256278
0 0.5013256754193988 0.19011596270969935 0.3816956451960972 0.11127220732825142
