1 0.5758779389517648 0.1601518222263881 0.37439632415771484 0.26885223388671875
1 0.647045407976423 0.47751167842320036 0.24215085165841238 0.4971286228724888
1 0.8072594233921596 0.12814638444355556 0.20003468649727957 0.24572415011269705
1 0.5026547227587018 0.5125046116965157 0.1970628329685756 0.43346221106392996
1 0.6194256373814174 0.7983533314296177 0.569450991494315 0.1656273433140346
1 0.17031051431383407 0.3658583504813058 0.33400157519749235 0.13628578186035156
1 0.8382877622331891 0.26427977425711496 0.32342454365321566 0.14744399275098527
1 0.8599956376211983 0.545398507799421 0.19162709372384207 0.37049388885498047
1 0.40765496662684847 0.6097226142883301 0.09793509755815778 0.24591694559369767
1 0.2740145240511213 0.5136795043945312 0.10387383188520159 0.19242065293448313
1 0.12828225748879568 0.4490640163421631 0.25656451497759136 0.10399818420410156
1 0.45031486238752094 0.21032907281603133 0.19599481991359166 0.16781762668064662
1 0.3715245042528425 0.4228846686226981 0.11011886596679688 0.3507193497249058
1 0.22618259702410018 0.24770712852478027 0.3151059150695801 0.1504669189453125
1 0.9217518397739956 0.5014417512076241 0.15603767122541154 0.11386128834315709
1 0.23509367874690465 0.61061920438494 0.2917519637516567 0.25639847346714567
1 0.8658184323992048 0.080427919115339 0.2683631352015904 0.16059463364737375
1 0.5719539778573173 0.046393475362232754 0.30729351724897114 0.09278695072446551
1 0.5291568892342704 0.5737301281520298 0.7857738222394671 0.7304052625383649