0 0.38343742915562223 0.5956329618181501 0.15391148839678084 0.44239435877118793
0 0.27768148694719585 0.7308426584516253 0.27603856154850553 0.42915167127336773
0 0.11879484142575945 0.5585322380065918 0.19444242545536586 0.3441283702850342
0 0.7404781069074359 0.3030498368399484 0.21776233400617326 0.14722699778420584
0 0.7028826304844448 0.725398336138044 0.24302639280046737 0.5471513271331787
0 0.5210452079772949 0.6186584745134626 0.13462274415152414 0.43854011808122906
0 0.18649649620056152 0.8565152032034737 0.2917729105268206 0.2867941175188337
0 0.3594156673976353 0.11748062712805611 0.41249942779541016 0.19765266350337438
0 0.5382822581699916 0.353320837020874 0.2786945956093924 0.16052731445857457
0 0.2378063542502267 0.4023702485220773 0.18806450707571848 0.38064490045819965
0 0.8316936492919922 0.420407772064209 0.14003399440220424 0.1670654501233782
0 0.7734540530613491 0.8240333284650531 0.16231727600097656 0.35077360698154997
0 0.199635420526777 0.06942491446222578 0.1781740529196603 0.13884982892445155
0 0.6057747432163784 0.1264446803501674 0.18095173154558455 0.13447659356253489
0 0.6788368225097656 0.23294333049229213 0.21580450875418528 0.20343189580099924
0 0.3549417087009975 0.1551757369722639 0.3914307526179722 0.12413007020950317
0 0.46620300837925505 0.2254572936466762 0.38145552362714497 0.1397871800831386
0 0.3602087838309152 0.05505913496017456 0.1758005108152117 0.11011826992034912
0 0.12180437360491071 0.36360158239092144 0.12918720075062343 0.10929209845406669
0 0.5007477828434536 0.4968315873827253 0.9800842148917062 0.9936631747654506
0 0.3644587312425886 0.3050330366407122 0.17073563167027064 0.13402353014264787
0 0.466702972139631 0.9183288301740374 0.26809263229370117 0.1623859405517578
0 0.09980298791612897 0.03147035198552268 0.19960597583225795 0.06215499554361616
0 0.04376225812094552 0.48359148842947824 0.08729543004717145 0.21741512843540736
