0 0.6402904646737235 0.1004213775907244 0.24466572489057267 0.2008427551814488
0 0.4023339407784598 0.1776470116206578 0.4001861640385219 0.22243145533970424
0 0.13598316056387766 0.7306983130318778 0.2717031410762242 0.13450942720685685
0 0.09893535716193062 0.5225588594164167 0.19698587485722133 0.14294276918683732
0 0.22311925888061523 0.5523063795907157 0.15435380595070974 0.3892714296068464
0 0.08660463775907244 0.42239151682172504 0.17286411353519984 0.09098775046212333
0 0.36227451051984516 0.6892329624720982 0.17316898277827672 0.2527974673679897
0 0.7102323259626117 0.22223397663661412 0.341473000390189 0.1297917366027832
0 0.30745233808244976 0.246321439743042 0.4913590294974191 0.1672781024660383
0 0.4857139928000314 0.5965919494628906 0.2844061851501465 0.09727059091840472
0 0.09814578294754028 0.5067314079829625 0.19619957038334437 0.25555222375052317
0 0.21426970618111746 0.3950204168047224 0.1237959350858416 0.2395308358328683
0 0.34565986905779156 0.39255050250462126 0.15869101456233434 0.3818530355181013
0 0.12262718166623797 0.6387090682983398 0.12543230397360666 0.13531201226370676
0 0.4153181144169399 0.13172984974724905 0.3803159849984305 0.12179890700748988
0 0.09025274004255023 0.33466148376464844 0.16001599175589426 0.09969678946903773
