1 0.6471847125462123 0.5709140981946673 0.5909790311540876 0.3256216730390276
1 0.6958849770682198 0.1625391755785261 0.2351818084716797 0.2224539177758353
1 0.1567375659942627 0.7701054981776646 0.3134751319885254 0.15311316081455775
1 0.7664681843348912 0.294222354888916 0.333641733442034 0.12970360687800817
1 0.46101883479527067 0.24382965905325754 0.37394888060433523 0.22143805027008057
1 0.4094982828412737 0.743368285042899 0.16955089569091797 0.2560159819466727
1 0.3572474888392857 0.31276144300188335 0.479346547807966 0.17797258922031947
1 0.11409367833818708 0.4765101160321917 0.22810581752232142 0.10184822763715472
1 0.12613425084522792 0.5680991581508091 0.24996966975075857 0.1341754368373326
1 0.4652531487601144 0.09126584018979754 0.8822856630597796 0.18221959045955113
1 0.27615383693150114 0.6046602385384696 0.16063499450683594 0.393789325441633
1 0.4617821829659598 0.19733210972377233 0.40660248483930317 0.11489301068442208
1 0.09568946702139718 0.17721891403198242 0.1913180010659354 0.17750377314431326
1 0.15332887853894914 0.38516572543552946 0.15696981975010463 0.0950765609741211