1 0.6624330793108258 0.5602270194462368 0.6751339094979423 0.3036224501473563
1 0.49607981954302105 0.18262033803122385 0.42755147389003206 0.24360953058515275
1 0.42257663181849886 0.7263545989990234 0.18476217133658274 0.2844717161996024
1 0.16159793308803014 0.7534735543387276 0.32319137028285433 0.17481040954589844
1 0.81907776423863 0.24479072434561594 0.36184447152273996 0.14218616485595703
1 0.7494275229317802 0.11301154749734062 0.24828604289463588 0.22602309499468123
1 0.11320779153278895 0.43035854612077984 0.2264155830655779 0.1059187820979527
1 0.1497225420815604 0.33338907786778044 0.16758837018694198 0.10186348642621722
1 0.12711672272000993 0.5334512506212506 0.25329809529440744 0.14907666615077428
1 0.8266004153660366 0.058170280286243985 0.2844437190464565 0.11603739431926183
1 0.4364795684814453 0.25768351554870605 0.3815164566040039 0.20384720393589564
1 0.4711235250745501 0.04136345216206142 0.33540705272129606 0.08272690432412284
1 0.408088139125279 0.3073977061680385 0.128246579851423 0.24327092511313303
1 0.2852925402777536 0.4115396227155413 0.14503768512180873 0.26653192724500385