0 0.8201013292585101 0.3450056825365339 0.2347398485456194 0.4956624848502023
0 0.6402507509504046 0.4882763794490269 0.17982465880257742 0.46226385661533903
0 0.3696107864379883 0.26876531328473774 0.2386530808040074 0.5357611519949776
0 0.4661649295261928 0.32315867287772043 0.24426770210266113 0.6345217568533761
0 0.6207258360726493 0.13050071682248796 0.1404104573386056 0.26024813311440603
0 0.7258655003138951 0.16597935131617955 0.17880753108433314 0.31718151909964426
0 0.15337158952440536 0.08636713027954102 0.3056107589176723 0.17214202880859375
0 0.2087383610861642 0.4038346154349191 0.4171121461050851 0.5139989852905273
0 0.8584116527012416 0.09648760727473668 0.2812579699925014 0.19240944726126535
0 0.292417083467756 0.7275327273777553 0.4153860977717808 0.5423730782100132
0 0.06070408650806972 0.4741084575653076 0.12122852461678642 0.29030942916870117
