0 0.1586942161832537 0.7568845067705426 0.3159703867776053 0.1422112328665597
0 0.6847966057913644 0.17362722328730992 0.22304589407784597 0.2115788459777832
0 0.4619190352303641 0.24997898510524205 0.3665757860456194 0.2127352271761213
0 0.4065652234213693 0.7289045878819057 0.16164520808628627 0.24282189777919225
0 0.6526103019714355 0.5596237863813128 0.580129895891462 0.3522393022264753
0 0.7472625459943499 0.2967953681945801 0.32629925864083426 0.12448075839451381
0 0.11559276069913592 0.4770992824009487 0.23118552139827184 0.09974040303911481
0 0.3610016959054129 0.318551812853132 0.46118640899658203 0.1750227553503854
0 0.28056301389421734 0.5769474165780204 0.15605219772883824 0.41847143854413715
0 0.12688697235924856 0.5617783750806536 0.2507305315562657 0.1284161295209612
0 0.4204981667654855 0.3160449096134731 0.32820102146693636 0.17011814458029612
0 0.17815850462232316 0.6795377731323242 0.11650402205330986 0.12395906448364258
0 0.12742081710270473 0.5574499538966587 0.25443897928510395 0.25881522042410715
0 0.16248047351837158 0.38659306934901644 0.15024406569344656 0.09230147089276995
0 0.4534532002040318 0.20813325473240443 0.39585730007716585 0.11235523223876953
