0 0.5422892570495605 0.4960951805114746 0.20182149750845774 0.532081059047154
0 0.261002710887364 0.4341370037623814 0.1991840260369437 0.42523533957345144
0 0.3988878386361258 0.4339969498770578 0.1312676497868129 0.39028780800955637
0 0.1806725263595581 0.5801822117396763 0.2879433972494943 0.37428692408970426
0 0.5209808349609375 0.07847332954406738 0.17996750559125627 0.15694665908813477
0 0.6051438195364816 0.08451815162386213 0.20427744729178293 0.16903630324772426
0 0.39905156408037457 0.19232847009386336 0.25765236786433626 0.13042664527893066
0 0.1372561284473964 0.7659401212419782 0.27168100220816477 0.31965562275477816
0 0.05149507522583008 0.4507782118661063 0.10299015045166016 0.38286876678466797
0 0.3119080066680908 0.08276500872203282 0.3134432520185198 0.16553001744406565
0 0.668576717376709 0.5516129221235003 0.5332448482513428 0.874528067452567
0 0.36721324920654297 0.8086709976196289 0.2422459636415754 0.38083955219813753
