1 0.5365849563053676 0.520336491721017 0.8887098176138741 0.4603055885859898
1 0.17725402968270437 0.7278230530875069 0.35450805936540875 0.14651434762137278
1 0.7412725176130023 0.13775712251663208 0.23118829727172852 0.22472192559923446
1 0.49497382981436594 0.4565553665161133 0.9709093230111259 0.6035299301147461
1 0.5075808933803013 0.2093205792563302 0.3852533612932478 0.20606393473488943
1 0.4444958482469831 0.7177482332502093 0.16159881864275252 0.22606985909598215
1 0.14354637690952846 0.5315595354352679 0.2870927538190569 0.1261256422315325
1 0.08610433340072632 0.6101797648838588 0.1721433060509818 0.09190021242414202
1 0.39825834546770367 0.2826381240572248 0.4549672603607178 0.17662392343793595
1 0.31121877261570524 0.6598364966256278 0.14098492690495082 0.1980893952505929
1 0.8031035831996373 0.2677455629621233 0.3331266811915806 0.12821567058563232