1 0.6866995947701591 0.5513448715209961 0.6190998213631767 0.36224215371268137
1 0.15942418575286865 0.7462950434003558 0.3180235113416399 0.17500877380371094
1 0.49385857582092285 0.17270946502685547 0.42574589593069895 0.23536368778773717
1 0.41996257645743235 0.7226161956787109 0.18430328369140625 0.2766979081290109
1 0.7486013684953962 0.10942556176866804 0.24839006151471818 0.21885112353733607
1 0.8155825478690011 0.23979086535317556 0.36560535430908203 0.1423811571938651
1 0.8280162811279297 0.055383269275937765 0.27075120380946566 0.11076653855187553
1 0.11420587982450213 0.42241266795567106 0.2272751842226301 0.10412110601152692
1 0.1262942041669573 0.5260733195713588 0.2507455348968506 0.1492013590676444
1 0.4798582281385149 0.03742015361785889 0.34036234446934294 0.07484030723571777
1 0.27810777936662945 0.5463522502354213 0.1773559536252703 0.45658966473170687
1 0.16285124846867152 0.6552159445626395 0.13262312752859934 0.1361403465270996
1 0.5103495121002197 0.12824201583862305 0.39565270287649973 0.12090553556169782
1 0.1483381986618042 0.3268252781459263 0.1683398996080671 0.1008829048701695
1 0.28122247968401226 0.40395661762782503 0.14188602992466517 0.2630006415503366
1 0.37211152485438753 0.2482055425643921 0.5181251253400531 0.2104395798274449