1 0.68503509249006 0.5592379570007324 0.6204771314348493 0.3388542447771345
1 0.49548847334725515 0.1720900194985526 0.4253636087690081 0.2331493752343314
1 0.16057120050702775 0.7476378849574498 0.3208953993661063 0.17532028470720565
1 0.4198582512991769 0.7240157808576312 0.18357106617518834 0.2792705808367048
1 0.748729978288923 0.11130239282335554 0.24794251578194754 0.22260478564671107
1 0.8264491217476981 0.056494563817977905 0.2727897507803781 0.11298912763595581
1 0.8137290137154716 0.23969858033316477 0.36295734133039204 0.14626330988747732
1 0.11451103006090436 0.4243348666599819 0.22803711891174316 0.10412682805742536
1 0.14721393585205078 0.32874114172799246 0.1706822599683489 0.10139523233686175
1 0.12703766141619002 0.5286774635314941 0.2522719247000558 0.15080734661647252
1 0.28141764232090544 0.40546049390520367 0.13996885504041398 0.26429864338466097
1 0.36981201171875 0.25019073486328125 0.5155495575496128 0.20898064545222692
1 0.2766306400299072 0.5574496473584857 0.1768415825707572 0.45271880286080496
1 0.4707444054739816 0.03863669719014849 0.34140409742082867 0.07727339438029698