0 0.6804230553763253 0.5805705615452358 0.6317836216517857 0.3368546622140067
0 0.7264324596949986 0.14054429531097412 0.2459963389805385 0.2344820499420166
0 0.48257340703691753 0.22329354286193848 0.4092632702418736 0.233040417943682
0 0.16069507598876953 0.7811743872506278 0.32139015197753906 0.16782917295183455
0 0.7975545610700335 0.27721701349530903 0.35432509013584684 0.13750299385615758
0 0.41780284472874235 0.7542381286621094 0.1793074607849121 0.27406242915562223
0 0.11455271073750087 0.46931655066353933 0.22774367673056467 0.10358711651393346
0 0.12584976639066422 0.5683838980538505 0.2507502862385341 0.14939652170453752
0 0.14839897836957658 0.3743683270045689 0.16402430193764822 0.09924197196960449
0 0.36881072180611746 0.29215175764901297 0.5048776354108538 0.18224915436335973
0 0.7493152618408203 0.07528220755713326 0.3850221633911133 0.1501941510609218
0 0.8576755523681641 0.8490445954459054 0.28349712916782926 0.3003016880580357
