0 0.2776154450007847 0.7439274106706891 0.27528372832707 0.4179938180106027
0 0.11770109619413104 0.5663949762071881 0.19385322502681188 0.3421532085963658
0 0.3783362592969622 0.6080803189958844 0.15489094597952707 0.4357096127101353
0 0.6963866097586495 0.7296805381774902 0.24049949645996094 0.5406389236450195
0 0.7334719385419574 0.31062752859933035 0.2201093946184431 0.14888582910810197
0 0.5166493824550084 0.6277557781764439 0.1370992660522461 0.435720545904977
0 0.18664148875645228 0.8617778505597796 0.2852699416024344 0.2756343569074358
0 0.35337540081569124 0.12480399438313075 0.4088785307747977 0.21153884274618967
0 0.8239804676600865 0.4287229946681431 0.14062275205339705 0.1653440339224679
0 0.2362185546330043 0.4148144040788923 0.18657219409942627 0.3790146963936942
0 0.4633965492248535 0.2402475561414446 0.3592466286250523 0.13508267062050955
0 0.7691137450081962 0.828822408403669 0.1624603271484375 0.34000723702566965
0 0.5341948781694684 0.36047628947666716 0.2678619452885219 0.15351620742252894
0 0.1946542433329991 0.07899498088019234 0.1772331850869315 0.15786468982696533
0 0.11735563618796212 0.3767425332750593 0.12397060223988124 0.1063222885131836
0 0.6752422877720424 0.24162115369524276 0.2115490095955985 0.20552376338413783
0 0.5961935860770089 0.13762569427490234 0.17957418305533274 0.1351440974644252
0 0.36092744554792133 0.3228528840201242 0.171771696635655 0.13499556268964494
0 0.46969519342694965 0.9203006199428013 0.2599310874938965 0.15846858705793107
0 0.49578836985996794 0.4983301503317697 0.9728183746337891 0.9966603006635394
0 0.3501852239881243 0.06251531839370728 0.1852303913661412 0.12218505995614189
