1 0.6126781872340611 0.9034817559378487 0.5402746541159493 0.1779031753540039
1 0.3430807249886649 0.8156798907688686 0.46133133343287874 0.36534649985177176
1 0.7772889818464007 0.6648879051208496 0.44401819365365164 0.34426842417035786
1 0.3385043144226074 0.6320935658046177 0.5665920461927142 0.3533215182168143
1 0.7724425452096122 0.5269966806684222 0.4518018790653774 0.30497915404183523
1 0.40585221563066753 0.41581354822431293 0.631889956338065 0.4216745240347726
1 0.20701221057346889 0.3252597876957485 0.210829530443464 0.4856663772038051
1 0.3371542862483433 0.7227610179356166 0.5615977900368827 0.5374185698372977
1 0.05708331721169608 0.6414715903145927 0.11383056640625 0.5141513688223702
1 0.8161777087620327 0.7789431299482074 0.3656338282993862 0.4412496771131243
1 0.4272529738289969 0.13709775039127894 0.6790173394339425 0.2740554468972342
1 0.4506434713091169 0.33488287244524273 0.8390462057931083 0.598654065813337