1 0.17361177716936385 0.7329372678484235 0.3462893622262137 0.145099299294608
1 0.5375003474099296 0.48532380376543316 0.8590114457266671 0.5866235324314663
1 0.7351076943533761 0.14300457068852016 0.22931861877441406 0.22432776859828404
1 0.49687344687325613 0.21725738048553467 0.35874639238630024 0.21952973093305314
1 0.08010925565447126 0.6191156251089913 0.16013070515223912 0.09584443909781319
1 0.4394325188228062 0.7071202141898019 0.16245290211268834 0.2514911379132952
1 0.5049208572932652 0.451472418648856 0.9575498444693429 0.7565663201468331
1 0.795391355242048 0.2718037877764021 0.34373228890555246 0.1275427852358137
1 0.3976107324872698 0.2869808333260672 0.46872806549072266 0.17181377751486643
1 0.49945872170584543 0.17748311587742396 0.4038815838950021 0.11386781079428536
1 0.1444078172956194 0.5369068554469517 0.2888156345912388 0.13637804985046387