1 0.48604536056518555 0.14426379544394358 0.41892572811671663 0.21393055575234549
1 0.15417046206338064 0.7285697119576591 0.3083409241267613 0.1724222046988351
1 0.41316212926592144 0.7056147030421666 0.17978647777012416 0.2714804581233433
1 0.7439644677298409 0.10395912613187518 0.2433633804321289 0.20791825226375035
1 0.811441149030413 0.22357395717075892 0.36799737385341097 0.14458654608045304
1 0.7010773250034877 0.46392365864345003 0.5968212400163923 0.5372077396937779
1 0.8739064761570522 0.34175143923078266 0.20595782143729074 0.13869001184191024
1 0.5609419686453683 0.6157786505562919 0.3295116424560547 0.12039760180882045
1 0.12505691392081125 0.511115482875279 0.24898787907191686 0.14941556113106863
1 0.2701349769319807 0.5365192549569267 0.17218266214643205 0.4490858827318464
1 0.14299689020429338 0.3131091594696045 0.17115158694131033 0.10270568302699498
1 0.1107893671308245 0.4065807887486049 0.221578734261649 0.10543642725263323
1 0.16016219343457902 0.6385961260114398 0.13437673023768834 0.13623768942696707
1 0.413513251713344 0.3596797670636858 0.15753919737679617 0.44713146345955984
1 0.09902317183358329 0.07831652675356184 0.1980433123452323 0.1485924550465175
1 0.8299254689897809 0.048929648739950996 0.2533787318638393 0.09785929747990199