1 0.7272439684186663 0.16123015539986746 0.2337047713143485 0.22356833730425155
1 0.6211662292480469 0.6093589237758091 0.7548210961478097 0.5370372363499233
1 0.5939342635018485 0.5619877065931048 0.8111374037606376 0.8341561044965472
1 0.16986938885280065 0.7595206669398716 0.338113648550851 0.15707240785871232
1 0.7911712101527623 0.29260339055742535 0.3354766709463937 0.12971925735473633
1 0.4935583046504429 0.24027465070996964 0.38818788528442383 0.21826556750706264
1 0.12447373356137957 0.47224834987095426 0.24894746712275914 0.102250303540911
1 0.5030243056161063 0.19409716129302979 0.3731086254119873 0.11408811807632446
1 0.5582789012363979 0.08144075529915946 0.7829013551984515 0.16288151059831893
1 0.4323476382664272 0.7343229566301618 0.16722491809300014 0.25833633967808317
1 0.1796872275216239 0.3788541385105678 0.1527233123779297 0.09646320343017578