0 0.615070070539202 0.4274907112121582 0.2806323596409389 0.4933131081717355
0 0.5526234763009208 0.1567425557545253 0.3832320145198277 0.26827704906463623
0 0.7811393737792969 0.11489695310592651 0.21143204825265066 0.22979390621185303
0 0.4684297357286726 0.4728442941393171 0.22261953353881836 0.439216000693185
0 0.20625490801674978 0.24831523214067733 0.3062261513301304 0.15487493787493026
0 0.8297584397452218 0.245711122240339 0.3369464874267578 0.13710544790540422
0 0.1612994841166905 0.37109436307634625 0.322598968233381 0.1320807593209403
0 0.8628675597054618 0.06840656910623823 0.2723079408918108 0.13681313821247645
0 0.12177054371152606 0.4625185898372105 0.2435410874230521 0.10373190471104213
0 0.8541774749755859 0.5189963068280902 0.2064854076930455 0.364664043698992
0 0.4102755955287388 0.20211405413491385 0.15334367752075195 0.14944141251700266
0 0.26946609360831125 0.5159873962402344 0.10250348704201835 0.19150941712515696
