0 0.13888822283063615 0.724940572466169 0.2759424277714321 0.13799163273402623
0 0.4102067606789725 0.1786374875477382 0.389352594103132 0.22043931484222412
0 0.6530107089451381 0.10005438327789307 0.2404118606022426 0.20010876655578613
0 0.3725196974618094 0.6862583841596331 0.16991301945277623 0.2506187643323626
0 0.7178363800048828 0.2232637745993478 0.34192609786987305 0.12948685032980783
0 0.23284595353262766 0.5470660073416573 0.15403003352028982 0.40420855794634136
0 0.31129864283970426 0.249434266771589 0.4789823463984898 0.17181294304983957
0 0.35265772683279856 0.39550583703177317 0.14402387823377336 0.38253770555768696
0 0.10430316414151873 0.518251895904541 0.20758494309016637 0.1373271942138672
0 0.5865789822169712 0.5442408493586949 0.4398585387638637 0.2256481306893485
0 0.8514190401349749 0.43170240947178434 0.21256405966622488 0.11952883856637138
0 0.10455194541386195 0.5067590645381382 0.2089475222996303 0.2598908969334194
0 0.09241795539855957 0.4223860672542027 0.18399592808314733 0.09396226065499443
0 0.46367853028433664 0.5126665319715228 0.9170286314828056 0.8721804618835449
0 0.4011963776179722 0.04077392816543579 0.32965448924473356 0.08154785633087158
0 0.43527112688337055 0.12756444726671493 0.362283604485648 0.11370048352650233
0 0.22641890389578684 0.3988896097455706 0.12156534194946289 0.24850562640598842
0 0.10479130915233068 0.33286571502685547 0.15283889429909842 0.09772893360682897
0 0.13293468952178955 0.6367639132908413 0.12230931861060006 0.13493173463003977
