0 0.17288570744650705 0.737891605922154 0.3445868832724435 0.14392498561314174
0 0.5858451298304966 0.5026555061340332 0.7719958850315639 0.5130000795636859
0 0.7296041761125837 0.14766832760402135 0.22783258983067103 0.21929139750344412
0 0.14337820666176931 0.5430523327418736 0.28603298323495047 0.13019537925720215
0 0.43611005374363493 0.7141801289149693 0.1643970353262765 0.24839816774640763
0 0.1301123329571315 0.45896172523498535 0.260224665914263 0.10651043483189174
0 0.07749388899121966 0.6249069486345563 0.1544053213936942 0.09514890398297991
0 0.49239414078848703 0.2234530278614589 0.3784139496939523 0.21817469596862793
0 0.6297520228794643 0.24813004902430943 0.6568408693586077 0.41668592180524555
0 0.30619611058916363 0.6284164701189313 0.14890507289341517 0.2923943655831473
0 0.22906245504106795 0.28315384047372 0.1409648997443063 0.0766371318272182
0 0.2071561643055507 0.6600450788225446 0.1215911933353969 0.12520578929356166
0 0.5196317264011928 0.18417458874838694 0.34307357243129183 0.11953010729381017
