1 0.1598085846219744 0.7825583730425153 0.1843846184866769 0.43426714624677387
1 0.7502872603280204 0.8865385736737933 0.4672797066824777 0.2258943830217634
1 0.13700477566037858 0.5010558537074498 0.1703129325594221 0.27983736991882324
1 0.532259362084525 0.8416108403887067 0.3054518699645996 0.3167783192225865
1 0.47996415410723003 0.5597234453473773 0.45883158275059294 0.44879392215183805
1 0.48289755412510466 0.7065495763506208 0.4733997072492327 0.4242480141775949
1 0.8258553913661412 0.5877656936645508 0.34477118083408903 0.47173469407217844
1 0.40439932686941965 0.43430587223597933 0.12610547883169992 0.25040500504629953
1 0.389540433883667 0.2422912291118077 0.6130953516278949 0.24657511711120605
1 0.2774348429271153 0.5195817606789725 0.1640479564666748 0.4931285721915109
1 0.5189083303724017 0.553100756236485 0.9605699947902134 0.8714274678911481