1 0.673844746180943 0.5558268683297294 0.6341735976082938 0.35283943584987093
1 0.49103968484061106 0.1735480683190482 0.419457026890346 0.2406203065599714
1 0.15853616169520787 0.742109843662807 0.31646054131644114 0.17340162822178432
1 0.41543688092912945 0.7192018372671944 0.1814279556274414 0.27563326699393137
1 0.744156905582973 0.10841536521911621 0.2506999969482422 0.21683073043823242
1 0.1251326288495745 0.5215749740600586 0.24903712953839982 0.14599149567740305
1 0.8125034059797015 0.23399618693760463 0.3658683640616281 0.1486150026321411
1 0.27162112508501324 0.532083545412336 0.17788355691092356 0.49061509541102816
1 0.11296531132289342 0.41844163622174946 0.22409977231706893 0.1028839179447719
1 0.14411337035042898 0.32375785282679964 0.17262136936187744 0.10190561839512416
1 0.3665403979165213 0.24257491316114152 0.5138264383588519 0.20089983940124512
1 0.4599541596003941 0.03565725897039686 0.3690826552254813 0.07131451794079371