1 0.16936308997017996 0.7583592278616769 0.3381782259259905 0.15836524963378906
1 0.7289784295218331 0.16006178515298025 0.23501150948660715 0.22366094589233398
1 0.49734197344098774 0.23953333922794887 0.3872966766357422 0.21618880544389998
1 0.6153847830636161 0.6276347296578544 0.7632230349949428 0.5298247337341309
1 0.12355348893574306 0.4713070052010672 0.2471069778714861 0.10259979111807686
1 0.5845871652875628 0.5544485705239433 0.8294106892177037 0.8753259522574288
1 0.7915096964154925 0.2919717516217913 0.337066650390625 0.12957583154950822
1 0.49440063749040875 0.19157677037375315 0.3943068640572684 0.11199941805430821
1 0.23364875997815812 0.3751091616494315 0.2584221363067627 0.10344736916678292
1 0.6095934595380511 0.5287142481122699 0.7808130809238979 0.6175413131713867
1 0.3987552097865513 0.30385174070085796 0.48437952995300293 0.16968165125165666