0 0.40266684123447966 0.17901839528764998 0.39725848606654574 0.22403831141335623
0 0.6405963897705078 0.10070019960403442 0.24546776499067033 0.20140039920806885
0 0.1361581768308367 0.7297193663460868 0.2718127114432199 0.1368541717529297
0 0.36352321079799105 0.6886895043509347 0.17083682332720077 0.25759332520621164
0 0.713984625680106 0.22205827917371476 0.33317313875470844 0.12967310632978166
0 0.22564176150730678 0.5354725292750767 0.1523991142000471 0.42619599614824566
0 0.09906274931771415 0.5073367527553013 0.19797161647251674 0.2566161836896624
0 0.0864418659891401 0.4230828285217285 0.17241019862038748 0.09064592633928571
0 0.48424945558820454 0.5954020363943917 0.2865511689867292 0.09777981894356864
0 0.346698488507952 0.3832588195800781 0.1552251066480364 0.3685565676007952
0 0.0990678071975708 0.5254708698817662 0.19711545535496303 0.14884866986955916
0 0.3052187306540353 0.2457524538040161 0.48398661613464355 0.16530203819274902
0 0.12424325942993164 0.6387401989528111 0.12714770862034389 0.13599041530064174
0 0.4114883967808315 0.1328493697302682 0.3896872656685965 0.12355429785592216
0 0.09459411246435982 0.3349342346191406 0.15879108224596297 0.10075558934892927
0 0.39790732519967215 0.040105266230446954 0.30056718417576384 0.08021053246089391
0 0.21580047266823904 0.3948127882821219 0.1229292665209089 0.23694791112627303
