0 0.5542100497654506 0.24158009460994176 0.5124966757638114 0.4831601892198835
0 0.662703445979527 0.5371518816266742 0.6662070410592216 0.28382396697998047
0 0.44605350494384766 0.33007730756487164 0.32937352997916086 0.453237737928118
0 0.8144446100507464 0.12971519572394236 0.3426147188459124 0.1281829391207014
0 0.14285459688731603 0.37944248744419645 0.2844102552958897 0.15167433874947683
0 0.6611650330679757 0.4659322670527867 0.6681124823434013 0.42983933857509066
0 0.315009559903826 0.6396803174700055 0.47321598870413645 0.25511724608285086
0 0.15092836107526506 0.23751265662057058 0.3018567221505301 0.15263775416782924
0 0.2616539001464844 0.5118498802185059 0.1127161979675293 0.21391241891043528
0 0.9493921824863979 0.3420428548540388 0.1001718384878976 0.13628501551491873
