1 0.6539087976728167 0.18651703425816127 0.382781982421875 0.23289174692971365
1 0.888580458504813 0.14450071539197648 0.21765061787196568 0.23773293835776194
1 0.7380484172276088 0.8263348851885114 0.5239030974251884 0.17705426897321427
1 0.6170936311994281 0.5430811473301479 0.2416049071720668 0.45895423207964214
1 0.3412067549569266 0.6599118368966239 0.30684127126421246 0.2553463322775705
1 0.7717357363019671 0.4980710574558803 0.3043722425188337 0.5198376519339425
1 0.5279660906110492 0.6460113525390625 0.1405925750732422 0.280991724559239
1 0.25534703050340923 0.41670519965035574 0.33520872252328054 0.13327390807015554
1 0.879908561706543 0.2800957134791783 0.24018287658691406 0.13725519180297852
1 0.5607608386448452 0.4901233060019357 0.8679189682006836 0.7840358870370048
1 0.30784872600010466 0.2987276485988072 0.3088045120239258 0.14258766174316406
1 0.4587259973798479 0.4662524632045201 0.09688360350472587 0.37072181701660156
1 0.3711869376046317 0.561046872820173 0.10659561838422503 0.19472711426871164
1 0.21147973196847097 0.5066941806248256 0.2660277911594936 0.10336484227861677
1 0.5316060611179897 0.2534644092832293 0.19949092183794295 0.17052299635750906