0 0.46763760702950613 0.655259336744036 0.37831837790352957 0.5043451104845319
0 0.7388392175946917 0.6472140720912388 0.5223215307508197 0.30287749426705496
0 0.3994202273232596 0.25865304470062256 0.5125876154218402 0.5108345236097064
0 0.3961403710501535 0.4266744341169085 0.5324430465698242 0.5377488476889474
0 0.08290745530809675 0.584345817565918 0.1656020368848528 0.579819815499442
0 0.8188191822596959 0.34995623997279574 0.36236163548060824 0.42107837540762766
0 0.7972721372331891 0.20540320873260498 0.40545572553362164 0.4103006975991385
0 0.1447467633656093 0.24600221429552352 0.2133315290723528 0.4902989864349365
0 0.23704494748796737 0.7637711933680943 0.1698380368096488 0.19056776591709682
0 0.30545486722673687 0.1320684892790658 0.17175778320857457 0.2628429446901594
