1 0.6532577105930873 0.5930047035217285 0.6934845788138253 0.2631359100341797
1 0.4987506866455078 0.19080167157309397 0.424879789352417 0.23468456949506486
1 0.1648244857788086 0.7673690659659249 0.3296489715576172 0.1723188672746931
1 0.7514849390302386 0.11895738329206194 0.25291551862444195 0.2379147665841239
1 0.42961747305733816 0.763580458504813 0.18528212819780623 0.23630666732788086
1 0.8200389317103794 0.25401854515075684 0.359922068459647 0.14550728457314627
1 0.49698577608381 0.16318820204053605 0.42114669936043875 0.16507513182503836
1 0.11755726167133876 0.4431486129760742 0.23354811327798025 0.10402086802891322
1 0.8173702784946987 0.06326866149902344 0.297325679234096 0.1262049674987793
1 0.13147970608302526 0.545609542301723 0.26173366819109234 0.1474612099783761
1 0.3743744577680315 0.26675946371895926 0.5095138209206718 0.19087948117937362
1 0.6493903568812779 0.46544279370989117 0.7003984451293945 0.5296101229531425
1 0.6311396190098354 0.4028458595275879 0.7374052320207868 0.7703257969447544
1 0.46597184453691753 0.04569109422819955 0.357600280216762 0.09134083986282349