1 0.7224931035723005 0.16517388820648193 0.23437227521623885 0.22141308443886892
1 0.16811716556549072 0.7614161627633231 0.33555504253932406 0.15729236602783203
1 0.48976588249206543 0.2416823591504778 0.38650056294032503 0.21934550149100168
1 0.12206194230488368 0.4760505812508719 0.24412388460976736 0.10251539094107491
1 0.7876514026096889 0.2953078406197684 0.3374614715576172 0.12862719808306014
1 0.6199149404253278 0.596536500113351 0.7601701191493443 0.5415742737906319
1 0.5834496361868722 0.5506194659641811 0.8329665320260184 0.8785091127668109
1 0.17785184723990305 0.3838269369942801 0.1521364620753697 0.09544771058218819
1 0.5050501823425293 0.1998885018484933 0.36495750291006906 0.11797458784920829
1 0.13651404210499354 0.5651755332946777 0.27199372223445345 0.13327857426234654
1 0.4297236374446324 0.744624410356794 0.16868816103254045 0.2455650738307408
1 0.6205807413373675 0.590663024357387 0.7515954971313477 0.3832620552607945
1 0.44275154386247906 0.3141380718776158 0.33744280678885324 0.18391009739467076