1 0.6059888431004116 0.8139960425240653 0.5609582151685443 0.16298164640154159
1 0.5717418534415108 0.16487956047058105 0.36011219024658203 0.27468771593911306
1 0.49284509250095915 0.5232383523668561 0.1904266221182687 0.4341221536908831
1 0.6412034034729004 0.49505301884242464 0.23134463174002512 0.4991371972220285
1 0.2289318016597203 0.6038756370544434 0.28844308853149414 0.2551078796386719
1 0.8027714320591518 0.1354274238858904 0.19807815551757812 0.247685330254691
1 0.16970224039895193 0.36546386991228375 0.33102617944989887 0.13523224421909877
1 0.833876201084682 0.270455002784729 0.33224752971104216 0.1445448398590088
1 0.36825714792524067 0.42134417806352886 0.11390433992658343 0.3567643165588379
1 0.851771490914481 0.5513923168182373 0.18408094133649552 0.37089613505772184
1 0.39936385835920063 0.6172804151262555 0.08947007996695382 0.2449089459010533
1 0.12528467178344727 0.44553589820861816 0.25056934356689453 0.10245350428989955
1 0.22437976087842668 0.24870857170649938 0.30922961235046387 0.14734482765197754
1 0.2714000770023891 0.5119151387895856 0.10529547078268868 0.18331108774457658
1 0.4663552556719099 0.2138195037841797 0.23206479208809988 0.16848010676247732
1 0.4736928939819336 0.31198484557015554 0.10256566320146833 0.08109182970864433
1 0.9165120806012835 0.5043018204825265 0.16630663190569198 0.1143294061933245