1 0.49562747137887136 0.18155339785984584 0.4244030543736049 0.24351404394422257
1 0.6657035010201591 0.5630843979971749 0.6685930660792759 0.30752904074532644
1 0.4210609367915562 0.7241878509521484 0.1839005606515067 0.2846155847821917
1 0.1602799211229597 0.7531088420322963 0.3205598422459194 0.17193542207990373
1 0.7489401953560966 0.11314375911440168 0.2485701016017369 0.22628751822880336
1 0.8170582907540458 0.24379815374101912 0.3658834184919085 0.14372750691005162
1 0.1487386396953038 0.33170965739658903 0.16678065913064138 0.10184311866760254
1 0.11403343507221766 0.42903116771153044 0.22806687014443533 0.10599630219595772
1 0.12719162021364486 0.5320276192256382 0.25317442417144775 0.14839914866856166
1 0.44579250471932547 0.25546022823878695 0.3620463098798479 0.20639067036764963
1 0.8227244785853794 0.057300099304744175 0.28072949818202425 0.11460019860948835
1 0.28277216638837543 0.4089865003313337 0.1450615440096174 0.2658495732716152
1 0.4073432513645717 0.3141532284872873 0.12877304213387625 0.24883932726723806
1 0.47428720338003977 0.04121840000152588 0.33116579055786133 0.08243680000305176
1 0.8630834306989398 0.839470658983503 0.2723895481654576 0.3197321210588728