1 0.6695681299482074 0.1912238257271903 0.3803531101771763 0.22872052873883927
1 0.6418688637869698 0.5636940683637347 0.25007264954703196 0.4605141707829067
1 0.7487893785749163 0.8486766815185547 0.5021642616816929 0.17865903036934988
1 0.8994768006461007 0.1518151249204363 0.20104639870779856 0.23908243860517228
1 0.54782577923366 0.6591493742806571 0.14717176982334682 0.2824178763798305
1 0.7943461281912667 0.515794175011771 0.30691446576799664 0.5319111006600517
1 0.2746696301868984 0.42655852862766813 0.33162529127938406 0.13325834274291992
1 0.35843522208077566 0.6724997929164341 0.3152832303728376 0.26030281611851286
1 0.4767929826463972 0.47503818784441265 0.09846666881016322 0.36441172872270855
1 0.22814629759107316 0.5174431800842285 0.2634072644369943 0.10275306020464216
1 0.8891188757760184 0.28909172330583843 0.22176218032836914 0.13899225848061697
1 0.3875047138759068 0.5684294700622559 0.10371596472603935 0.19522874695914133
1 0.5562078952789307 0.5264340128217425 0.8875842094421387 0.8297334398542132
1 0.326000588280814 0.29935823168073383 0.3054278237479074 0.15633155618395125
1 0.5527551514761788 0.2691398007529123 0.21069485800606863 0.18126937321254186