0 0.7939424514770508 0.4572507653917585 0.282106740134103 0.485006536756243
0 0.3758202961512974 0.31185667855398996 0.2512611150741577 0.6014210837227958
0 0.599555492401123 0.5951633453369141 0.1796621595110212 0.47932628222874235
0 0.4417394569941929 0.4149651527404785 0.27766806738717215 0.6316123689923968
0 0.19318555082593644 0.10654286827359881 0.3862114293234689 0.21269564969199045
0 0.7190257481166294 0.2514263391494751 0.18428591319492885 0.34612897464207243
0 0.18819260597229004 0.46491776193891254 0.37600728443690706 0.5539085524422782
0 0.5013026509966169 0.04822230339050293 0.2248025621686663 0.09644460678100586
0 0.18609462465558732 0.315908466066633 0.1431293146950858 0.21001509257725307
0 0.05018361551421029 0.5161465576716832 0.10006067582539149 0.30538497652326313
0 0.6378305980137416 0.1746100698198591 0.16670611926487514 0.3492201396397182
0 0.47463784899030415 0.4902552877153669 0.9357610430036273 0.9483846936907087
0 0.24331908566611155 0.7576044627598354 0.3652161530085972 0.48479110854012625
