1 0.7202121189662388 0.1667013168334961 0.23590544291904994 0.21983565602983748
1 0.1669635432107108 0.7628750119890485 0.33213274819510324 0.15608617237636022
1 0.6188413756234306 0.6574164799281529 0.762317248753139 0.48690680095127653
1 0.7866997037615094 0.29630064964294434 0.3360545975821359 0.1303506749016898
1 0.4849144731249128 0.2414043971470424 0.38083137784685406 0.21348047256469727
1 0.4272110802786691 0.76056855065482 0.16634518759591238 0.21488489423479354
1 0.6185041155133929 0.5132608413696289 0.7629918370928083 0.6921302250453404
1 0.1229263288634164 0.4772274153573172 0.2458526577268328 0.10204114232744489
1 0.4109570639474051 0.3704772676740374 0.11436241013663155 0.18459432465689524
1 0.3869889123099191 0.3097623756953648 0.4793539047241211 0.1714080912726266
1 0.5007556847163609 0.19810707228524344 0.3665292603628976 0.11099165678024292
1 0.5686611107417515 0.5504219872610909 0.8613159315926688 0.899156025477818
1 0.29929821831839426 0.4001590183803013 0.12713430609021867 0.13373994827270508
1 0.1776304074696132 0.3845668520246233 0.1540020533970424 0.0938028267451695
1 0.4880627223423549 0.08982101508549281 0.961784907749721 0.1792261941092355