0 0.5627771786281041 0.3533078602382115 0.2492964608328683 0.6820137841360909
0 0.7921600341796875 0.4028174195970808 0.2743913786751883 0.7740758487156459
0 0.25013337816510883 0.7033516338893345 0.2899284362792969 0.4176842825753348
0 0.904423441205706 0.09971945626395089 0.19019392558506557 0.19863288743155344
0 0.22730226176125662 0.2604597125734602 0.453864540372576 0.405968223299299
0 0.5089893000466483 0.6093935285295758 0.8602982248578753 0.5416888509477887
0 0.9247091157095773 0.5027172224862235 0.1497626985822405 0.4016319343021938
0 0.5393125670296806 0.4896132264818464 0.9210833140781948 0.9498876162937709
0 0.623638425554548 0.8305037362234933 0.5754799161638532 0.3381936890738351
0 0.8289762224469867 0.17642806257520402 0.34142255783081055 0.35136893817356657
