0 0.6716218675885882 0.5607903684888568 0.6519077845982143 0.32369743074689594
0 0.4939009802682059 0.17588957718440465 0.4211545671735491 0.2354731900351388
0 0.16113071782248362 0.7494438716343471 0.3218686580657959 0.17373323440551758
0 0.7474959237234933 0.11283940928322929 0.24963624136788504 0.22567881856645858
0 0.4203526633126395 0.7263951301574707 0.18369194439479283 0.2818880081176758
0 0.8137237003871373 0.24240773064749582 0.36389616557529997 0.14309373923710414
0 0.1478863103049142 0.3302857535226004 0.16876702649252756 0.10196341787065778
0 0.11346781253814697 0.4266366277422224 0.22693562507629395 0.10465124675205775
0 0.8262015751429966 0.05707546217100961 0.2746738706316267 0.11415092434201922
0 0.126963632447379 0.5301132202148438 0.2536707265036447 0.14957349640982492
0 0.4394017287663051 0.25230308941432406 0.3833067076546805 0.20602350575583323
0 0.858025346483503 0.8319290024893624 0.2832179750714983 0.33490712302071707
0 0.28195585523332867 0.4072680813925607 0.1420947994504656 0.2644681930541992
