1 0.13804557493754796 0.7301575115748814 0.27607531206948416 0.14054094042096818
1 0.6536885670253209 0.09867320741925921 0.2410139696938651 0.19734641483851842
1 0.36865741865975515 0.6879968643188477 0.17330311025891984 0.25896852357046946
1 0.30679283823285786 0.24596657071794784 0.4833146163395473 0.1740319217954363
1 0.40926456451416016 0.17545648983546666 0.4040279729025705 0.22338458469935826
1 0.22848200798034668 0.5544264657156808 0.1556405850819179 0.3966108390263149
1 0.7204770360674176 0.21911798204694474 0.34360054561070036 0.1293273823601859
1 0.10149680716650826 0.5226078033447266 0.20205461978912354 0.14472007751464844
1 0.47995056424822125 0.5996567862374442 0.2667383466448103 0.0904686791556222
1 0.10215532779693604 0.5061748368399483 0.20428872108459473 0.25946480887276785
1 0.08990664993013654 0.42127186911446707 0.1793316262108939 0.09416181700570243
1 0.35903566224234446 0.38591153281075613 0.1685682875769479 0.3764807496752058
1 0.1272458008357457 0.639444078717913 0.12395930290222168 0.13595451627458846
1 0.4359947272709438 0.12606464965002878 0.35620001384190153 0.11563854558127266
1 0.6002225875854492 0.4660731043134417 0.38379383087158203 0.2472987515585763
1 0.39671666281563894 0.03778144717216492 0.32423295293535503 0.07556289434432983