0 0.7280860628400531 0.14702120849064418 0.23480265481131418 0.22562978948865617
0 0.5700290543692452 0.5040074757167271 0.7357871191842216 0.49829319545200895
0 0.1690556832722255 0.7502155985151019 0.33386594908578054 0.15993635995047434
0 0.42843328203473774 0.7250351224626813 0.16706211226327078 0.25436088017054964
0 0.4913607324872698 0.22424750668661936 0.3891848155430385 0.2252558640071324
0 0.7905276162283761 0.2770145961216518 0.337496212550572 0.13167362553732737
0 0.12602758407592773 0.46091324942452566 0.2519758088248117 0.10720440319606236
0 0.5113971914563861 0.17653044632502965 0.35345533915928434 0.10404180628912789
0 0.9133684975760323 0.48884313447134836 0.17326300484793528 0.11822700500488281
0 0.1379826239177159 0.5478753362383161 0.27278569766453337 0.13547352382114955
0 0.6198210035051618 0.25575051988874165 0.6662863322666713 0.3937208993094308
