1 0.6947487422398159 0.19498327800205775 0.3979108674185617 0.19843735013689315
1 0.6967579977852958 0.573718615940639 0.2764854771750314 0.48821636608668734
1 0.9107017517089844 0.15708002022334508 0.177624089377267 0.2336833647319249
1 0.6002003124782017 0.2876436029161726 0.2664843967982701 0.18149680750710623
1 0.5872499602181571 0.6825460706438337 0.1721775872366769 0.3079498154776437
1 0.7724872316632952 0.8936033248901367 0.4544382776532854 0.20192064557756698
1 0.845320497240339 0.5171751976013184 0.309359005519322 0.5861177444458008
1 0.9203424453735352 0.30000053133283344 0.15898588725498744 0.13843979154314315
1 0.3502187047685896 0.32031358991350445 0.31314260619027273 0.15366181305476598
1 0.556971822466169 0.5274369716644287 0.8806798117501395 0.9445900917053223
1 0.3893003463745117 0.6986414364406041 0.3204115799495152 0.26342763219560894
1 0.5003084455217633 0.49710958344595774 0.09568796839032855 0.3663717678615025
1 0.30373968396868023 0.4469109262738909 0.3353980609348842 0.13058185577392578
1 0.4143027237483433 0.5926337923322406 0.10527535847255162 0.19734151022774832