1 0.36694363185337614 0.35647078922816683 0.32553839683532715 0.6652811595371791
1 0.5558610303061349 0.7690188544137138 0.8826967648097447 0.23908499308994838
1 0.7748620169503349 0.14978820937020437 0.3469030516488211 0.15250662394932338
1 0.7145701817103794 0.06512755155563354 0.19163915089198522 0.13014042377471924
1 0.5040566580636161 0.5055677209581647 0.9918866838727679 0.9444892747061593
1 0.13959295409066336 0.5110199792044503 0.12605143444878714 0.22020339965820312
1 0.8844046592712402 0.3955869334084647 0.22658634185791016 0.14667401994977677
1 0.5885569027491978 0.33100039618355886 0.7253765378679548 0.6559036799839565
1 0.13905319997242518 0.6051397323608398 0.27794250420161654 0.2251769815172468
1 0.581568717956543 0.44966401372637066 0.8228705951145717 0.8936055728367397
1 0.0919085144996643 0.8260244641985212 0.1826878786087036 0.34576872416904997