1 0.20168062618800572 0.2981877326965332 0.36822850363595144 0.4432166985103062
1 0.34243403162275043 0.20225983006613596 0.48943281173706055 0.40366898264203754
1 0.45458405358450754 0.46619510650634766 0.6790550776890346 0.35218426159449984
1 0.8229203224182129 0.28187956128801617 0.2205982208251953 0.15262087753840856
1 0.12940533672060286 0.8208046640668597 0.25843134948185514 0.3523351124354771
1 0.6611744335719517 0.085088278566088 0.3439573901040213 0.13013987881796701
1 0.21887310913630895 0.6285602024623326 0.43765343938555035 0.22158363887241908
1 0.40425106457301546 0.8523597717285156 0.4249373163495745 0.2946583202907017
1 0.06667158007621765 0.3692389896937779 0.13318854570388794 0.15477899142674037
1 0.034331249339239936 0.2360163586480277 0.06853387185505458 0.11943214280264718
1 0.7331388337271554 0.17383238247462682 0.2084625789097377 0.1477774041039603
1 0.45332189968654085 0.35725879669189453 0.8309234210423061 0.5769739151000977
1 0.14369184630257742 0.5021662030901227 0.11864735398973737 0.17884063720703125