0 0.13552243368966238 0.7271990776062012 0.2704824038914272 0.13537447793143137
0 0.6419754709516253 0.10268781014851161 0.2433452606201172 0.20537562029702322
0 0.40731791087559294 0.1790123667035784 0.4035229001726423 0.22492495604923793
0 0.09466677904129028 0.33257930619376047 0.16244437013353621 0.09839887278420585
0 0.22483743940080916 0.5399105889456612 0.15609141758510045 0.41174258504595074
0 0.7132903507777623 0.22443907601492746 0.337958676474435 0.13105438436780656
0 0.08576380355017525 0.42029084478105816 0.17121340547289168 0.09156513214111328
0 0.0976897052356175 0.522681440625872 0.19442457812173025 0.14712228093828475
0 0.31063856397356304 0.24708708695002965 0.4899283136640276 0.1709139347076416
0 0.36114610944475445 0.6888204302106585 0.1715266363961356 0.2528294835771833
0 0.3480078492845808 0.38771230833871023 0.155590397971017 0.3870485169546945
0 0.21630941118512834 0.3943963050842285 0.12366146700722831 0.240183915410723
0 0.09812392507280622 0.5043277740478516 0.19619182177952357 0.2543531485966274
0 0.5399036407470703 0.14957913330623082 0.6892423629760742 0.29820288930620464
0 0.38692215510777067 0.04060209223202297 0.31353691646030973 0.08120418446404594
0 0.4850375992911203 0.5976606096540179 0.2815648147038051 0.09655005591256278
0 0.12177403484072004 0.6357180731637138 0.12989958695002965 0.1368616989680699
