0 0.1512542622429984 0.709662846156529 0.3025085244859968 0.14920588902064733
0 0.7566560336521694 0.22779478345598494 0.3478107452392578 0.13015336649758474
0 0.6886686597551618 0.10394468477794103 0.23614869798932756 0.20788936955588205
0 0.45565080642700195 0.179067747933524 0.39546680450439453 0.2250352587018694
0 0.34742348534720285 0.24755167961120605 0.48898441450936453 0.17658827986036027
0 0.26700758934020996 0.5341789722442627 0.15545104231153214 0.41651555470057894
0 0.3987189701625279 0.6842192922319684 0.16497267995561873 0.24854060581752233
0 0.11744512830461774 0.5106894629342216 0.23376120839800155 0.1332730906350272
0 0.10910362005233765 0.4200542994907924 0.21796156678880965 0.09926588194710868
0 0.39199730328151156 0.3808638368334089 0.15337582996913365 0.38071959359305246
0 0.16444803987230575 0.6323462213788714 0.12214435849870954 0.1272235938480922
0 0.11950067962918963 0.5030976022992816 0.23852261475154332 0.2638887677873884
0 0.05982560770852225 0.5944795608520508 0.1196512154170445 0.08354531015668597
0 0.14069587843758719 0.3268243244716099 0.1543285846710205 0.09878071716853551
0 0.4942220619746617 0.3927206652505057 0.1398906707763672 0.13125760214669363
0 0.26289428983415875 0.39399474007742746 0.12714501789637975 0.24742240565163748
0 0.45292316164289204 0.2597558838980539 0.25928051131112234 0.15991720131465367
0 0.4263418401990618 0.03990959695407322 0.3379221643720354 0.07981919390814644
0 0.45837150301252094 0.13046483482633317 0.3994518348148891 0.11483630112239293
