0 0.14158005373818533 0.715214661189488 0.28163181032453266 0.14495195661272323
0 0.2401271206992013 0.5394960812159947 0.15517287594931467 0.4050524575369699
0 0.4281114510127476 0.1664747851235526 0.4049899918692453 0.21862758908952987
0 0.6704233714512416 0.09860106876918248 0.2337339265005929 0.19720213753836496
0 0.37666753360203337 0.6834989275251117 0.16894728796822683 0.25676281111580984
0 0.0957983136177063 0.4135182925633022 0.1915966272354126 0.09813618659973145
0 0.11167877061026436 0.32369320733206614 0.15773875372750418 0.09626345975058419
0 0.10754621028900146 0.5092743805476597 0.21509242057800293 0.13782753263201034
0 0.3216456685747419 0.2395657982145037 0.47797015735081266 0.17442359243120467
0 0.23299225739070348 0.38860338074820383 0.12353675706045968 0.2455747468130929
0 0.10743073054722377 0.4994262286594936 0.21463625771658762 0.26533641133989605
0 0.1366306287901742 0.6325621604919434 0.1267812762941633 0.12731569153921946
0 0.3526491437639509 0.39186372075762066 0.13255691528320312 0.4042649269104004
0 0.7297188895089286 0.21806628363473074 0.35243538447788786 0.12925400052751815
0 0.46925326756068636 0.36211068289620535 0.13926754678998673 0.08790796143668038
0 0.407228810446603 0.036603612559182305 0.35692906379699707 0.07317604337419782
0 0.12088480166026525 0.1582261323928833 0.24072308199746267 0.17408115523202078
