1 0.716667720249721 0.16629563059125627 0.2362018312726702 0.22146877220698766
1 0.6488190378461566 0.5936519759041923 0.7021635600498745 0.43111709186009
1 0.16527196339198522 0.763423102242606 0.3274899891444615 0.15764311381748744
1 0.48312629972185406 0.24283649240221297 0.39579377855573383 0.2160193920135498
1 0.7860101291111538 0.29548563276018414 0.33449036734444754 0.12930388110024588
1 0.42268255778721403 0.7416692461286273 0.1657379014151437 0.2465096882411412
1 0.12464157172611781 0.47735680852617535 0.24928314345223562 0.10172578266688756
1 0.37673929759434294 0.31036523410252165 0.47592176709856304 0.1713155848639352
1 0.4801968847002302 0.20131216730390275 0.40498665400913786 0.11999578135354179
1 0.19095444679260254 0.685307230268206 0.12111045633043561 0.12532445362636022
1 0.634425435747419 0.5325081689017159 0.7311491966247559 0.6595226015363421