0 0.6587865012032645 0.5933441434587751 0.682426997593471 0.267972605569022
0 0.4278582845415388 0.7641215324401855 0.18423240525381906 0.2437234606061663
0 0.4946603775024414 0.19529691764286586 0.4213848114013672 0.22994296891348703
0 0.16308835574558803 0.7716678891863141 0.32617671149117605 0.1722228867667062
0 0.7465520586286273 0.12056277479444232 0.2548777035304478 0.24112554958888463
0 0.8202501024518695 0.2587027209145682 0.35949972697666716 0.14574893883296422
0 0.3694474356515067 0.2712681634085519 0.5033260413578579 0.18995257786342076
0 0.13070800474711827 0.552084071295602 0.2610953705651419 0.1517946379525321
0 0.11670201165335518 0.4493576799120222 0.23264350209917342 0.10597058704921178
0 0.8125115803309849 0.06591012648173741 0.3053238732474191 0.131739718573434
0 0.4642556054251535 0.049140989780426025 0.3536039079938616 0.09826748711722237
0 0.49261304310389925 0.16114490372794016 0.4177041734967913 0.149038451058524
0 0.16903907912118094 0.6830238614763532 0.13048088550567627 0.1344257082257952
0 0.6562010220118931 0.4192373071398054 0.6875979559762138 0.7045720645359584
