0 0.6856414249965123 0.17737736020769393 0.21963180814470565 0.2076646089553833
0 0.1606255258832659 0.754582268851144 0.319760799407959 0.1378084591456822
0 0.7470120702471051 0.3009859493800572 0.31719561985560824 0.1221996716090611
0 0.4605935641697475 0.25302863121032715 0.35487243107386995 0.20636463165283203
0 0.6300298145839146 0.5602339335850307 0.5640109607151577 0.374337979725429
0 0.4094204902648926 0.7286810874938965 0.15815162658691406 0.24184894561767578
0 0.36687861170087543 0.3208860329219273 0.4439609391348703 0.1675130980355399
0 0.11919237886156354 0.47837713786533903 0.2383847577231271 0.09972848211015974
0 0.2883117539542062 0.5912017141069684 0.14832476207188197 0.3821086883544922
0 0.42762688228062223 0.3176811763218471 0.3128100803920201 0.16898724011012486
0 0.4498023305620466 0.09502312966755458 0.8901056562151227 0.18956683363233293
0 0.13244607618876866 0.5618740831102643 0.261670674596514 0.12681409290858678
0 0.18620358194623673 0.6769579478672573 0.11735362665993827 0.12299823760986328
0 0.13081033740724837 0.558004481451852 0.2612982988357544 0.25713654926845003
0 0.4989212581089565 0.21119819368634904 0.3056983607155936 0.10548675060272217
0 0.8792849949428013 0.48962375095912386 0.17625025340488978 0.09079418863568987
0 0.06694668531417847 0.645111220223563 0.13344146524156844 0.08407463346208845
