0 0.2551097869873047 0.4047518457685198 0.3305774416242327 0.13349860055106028
0 0.42042010171072824 0.6756154469081334 0.4637731484004429 0.28271027973720003
0 0.7043711798531669 0.31709493909563335 0.5902768543788365 0.6341898781912667
0 0.2909365381513323 0.2729746273585728 0.3097311088017055 0.15389651911599295
0 0.536921671458653 0.5990394864763532 0.13913556507655553 0.15810469218662807
0 0.3744910444532122 0.5456546715327671 0.10558114733014788 0.2109525544302804
0 0.21004278319222586 0.5148918969290597 0.2688009568623134 0.109328065599714
0 0.6024187632969448 0.33815101214817594 0.39117888041904997 0.6209115300859723
0 0.45342990330287386 0.4494314874921526 0.09180562836783272 0.37191728183201384
0 0.24497180325644358 0.45715209415980745 0.33304108892168316 0.2266512938908168
