1 0.7342569487435477 0.3780974660600935 0.2295201165335519 0.41734038080487934
1 0.5284299850463867 0.2797562224524362 0.20366573333740234 0.5474441732679095
1 0.8544842856270927 0.2390718800680978 0.17936154774257115 0.4781437601361956
1 0.38908270427158903 0.23781803676060267 0.19756671360560826 0.47563607352120535
1 0.25517639092036654 0.37266063690185547 0.5103527818407331 0.4569948741367885
1 0.15002894401550293 0.08683074372155326 0.29876313890729633 0.17365505014147078
1 0.7465643201555524 0.11225314651216779 0.1630227906363351 0.22450629302433558
1 0.6282758712768555 0.0880070413861956 0.11205080577305385 0.17560700007847377
1 0.8080403464181083 0.04831436276435852 0.15973138809204102 0.09662872552871704
1 0.39608090264456614 0.6946041243416923 0.4983196258544922 0.5289112159184047
1 0.10158928803035192 0.48434386934552875 0.20317857606070383 0.3026590347290039