0 0.13825287989207677 0.7244766099112374 0.27499169962746756 0.13805784497942244
0 0.6526620047433036 0.10170075723103114 0.24065337862287248 0.20340151446206228
0 0.41203788348606657 0.17977830341884068 0.3884837968008859 0.22511419228145055
0 0.3128246579851423 0.24913181577410018 0.47850799560546875 0.1703240360532488
0 0.7193856920514788 0.22329415593828475 0.34215010915483746 0.13035030024392263
0 0.23266710553850448 0.5309505462646484 0.15115698746272496 0.43238139152526855
0 0.104100729737963 0.5061795370919364 0.20805200508662633 0.2591836452484131
0 0.09222167730331421 0.4217284066336496 0.1836660419191633 0.09294680186680385
0 0.35385520117623465 0.3808314459664481 0.14812893526894705 0.36612517493111746
0 0.1039533359663827 0.517866883959089 0.20678515093667166 0.1371011734008789
0 0.13294997385569982 0.6361405508858817 0.12484245640890938 0.1345062596457345
0 0.5309959479740688 0.5630072525569371 0.9380081040518624 0.8718301909310477
0 0.10671641996928624 0.332547800881522 0.15446014063698904 0.09865656920841762
0 0.8507749012538365 0.4331317629132952 0.21257093974522182 0.12033653259277344
0 0.43364477157592773 0.12904882431030273 0.36732142312186106 0.11577848877225604
