0 0.3312344891684396 0.33956735474722727 0.3051571846008301 0.41366052627563477
0 0.4419138090951102 0.22109464236668178 0.47609424591064453 0.43814475195748465
0 0.5409877981458392 0.5129071984972272 0.623737130846296 0.29545886175973074
0 0.28493165969848633 0.6417308534894671 0.47064358847481863 0.24347669737679617
0 0.9001218250819615 0.3200540542602539 0.199756281716483 0.14947920186179026
0 0.5203855037689209 0.4913113457815988 0.9547286033630371 0.9769975117274693
0 0.7641831806727818 0.11738361631120954 0.3391062191554478 0.12491901431764875
0 0.5402257101876395 0.4068077291761126 0.6266756057739258 0.5124852997916085
0 0.12075884853090559 0.3863910266331264 0.24142372608184814 0.15959065301077707
0 0.10429581574031285 0.24765307562691824 0.2085916314806257 0.14569577148982457
0 0.23686071804591588 0.5137083189828056 0.1193089485168457 0.20000481605529785
0 0.8318580218723842 0.20784725461687362 0.21006734030587332 0.14723328181675502
