0 0.7283509118216378 0.1536914621080671 0.2349912098475865 0.22727174418313162
0 0.169039181300572 0.7573293958391462 0.3362492833818708 0.15991340364728654
0 0.5516033853803363 0.5428554671151298 0.8822007860456195 0.7742658342633929
0 0.794043745313372 0.2861123425619943 0.3403662272862026 0.12945098536355154
0 0.49270554951259066 0.23253042357308523 0.38814943177359446 0.2228433574948992
0 0.11748184476579938 0.4686553818838937 0.23496368953159877 0.10229131153651647
0 0.5979749815804618 0.5924047061375209 0.7869608742850167 0.5874531609671456
0 0.6138091768537249 0.07695537805557251 0.7387103353227887 0.15354059423719132
0 0.4315403870173863 0.732952390398298 0.16852971485682897 0.25835112162998747
0 0.5128443581717355 0.1862044334411621 0.3535529885973249 0.10927538360868182
0 0.13749232462474278 0.5563151155199323 0.27392174516405376 0.13377741404942103
