0 0.2889532021113804 0.5519835267748151 0.5762738500322614 0.3792956897190639
0 0.7217439923967633 0.684178216116769 0.20656606129237584 0.2919283594403948
0 0.21819843564714705 0.14852590220315115 0.435830933707101 0.29691883495875765
0 0.6436140877859933 0.2531820705958775 0.6334893362862724 0.32486588614327566
0 0.5652171203068325 0.6469928196498326 0.12413522175380162 0.30690458842686247
0 0.4319513184683664 0.6559715270996094 0.2431952612740653 0.2804779665810721
0 0.5895195007324219 0.892833914075579 0.6417504719325474 0.2127795900617327
0 0.8996219635009766 0.7495455060686383 0.160290105002267 0.20356198719569615
0 0.5944925716945103 0.89256409236363 0.6558514322553363 0.21308244977678573
0 0.1539261851991926 0.8555688858032227 0.306647675377982 0.28778839111328125
