1 0.17885487420218332 0.7604282242911202 0.17341555867876327 0.4791435514177595
1 0.7525205612182617 0.7890007836478097 0.43146913392203196 0.28665597098214285
1 0.5346505301339286 0.7970923015049526 0.29100189890180317 0.4031259672982352
1 0.12631595986230032 0.4634269986833845 0.16252137933458602 0.27616677965436665
1 0.33710455894470215 0.9083585739135742 0.1583073650087629 0.17862354006086076
1 0.47372439929417204 0.6165315764290946 0.43090554646083284 0.4473963805607387
1 0.4703974042619978 0.47869460923331125 0.41433160645621164 0.4417345183236258
1 0.4984117235456194 0.48468589782714844 0.9832889011928013 0.967559814453125
1 0.8010988235473633 0.41981380326407297 0.3365640640258789 0.37086684363228933
1 0.5868959426879883 0.5040881293160575 0.7953811373029437 0.9750829424176898
1 0.3724808692932129 0.3830798012869699 0.11961191041128975 0.24600143092019217
1 0.8105006899152484 0.4848264285496303 0.3537357194083078 0.4762475149972098
1 0.259766731943403 0.4723271301814488 0.16564406667436873 0.49623237337384907
1 0.607095650264195 0.6568057196480888 0.718684468950544 0.6837079865591866