0 0.138095566204616 0.7304844856262207 0.2758711746760777 0.14207989828927176
0 0.6537651334490094 0.09925694125039237 0.2431028229849679 0.19851388250078475
0 0.3708066940307617 0.6892884118216378 0.172768201146807 0.2520693029676165
0 0.723341805594308 0.21947169303894043 0.3473482813153948 0.1285757507596697
0 0.41174135889325825 0.17607872826712473 0.404050350189209 0.2207754680088588
0 0.23204006467546737 0.5363695280892509 0.15349844523838588 0.4337940216064453
0 0.10226150921412877 0.5070348467145648 0.20448548453194754 0.25939747265407015
0 0.6119553702218192 0.4793124198913574 0.4023723942892892 0.24062487057277135
0 0.10173429761614118 0.5220931938716343 0.20229864120483398 0.14272900990077428
0 0.31092963899884907 0.24603230612618582 0.4848226479121617 0.17169938768659318
0 0.09044723851340157 0.42196474756513325 0.18039870262145996 0.09367827006748744
0 0.4406629630497524 0.12624712501253402 0.35023014886038645 0.11539603982652936
0 0.1292101059641157 0.6403170994349888 0.12407440798623222 0.1355787685939244
0 0.4017648696899414 0.03828375254358564 0.31412465231759207 0.07656750508717128
0 0.10114137615476336 0.33278182574680876 0.16158803871699742 0.09986705439431327
0 0.4151582717895508 0.25383007526397705 0.26347483907427105 0.16605421475001744
0 0.4837066446031843 0.6000241552080426 0.26844821657453266 0.09283624376569476
