1 0.7382016181945801 0.89891631262643 0.47451114654541016 0.20165538787841797
1 0.14705579621451242 0.7861025674002511 0.18391970225742885 0.42743165152413504
1 0.13145112991333008 0.51242995262146 0.17020232336861746 0.2731766700744629
1 0.523353099822998 0.8512858663286481 0.3124144417898996 0.29742826734270367
1 0.4748470442635672 0.5772852897644043 0.47004904065813335 0.4489340441567557
1 0.4750493253980364 0.721301759992327 0.4800771304539272 0.4264882632664272
1 0.8235387802124023 0.6085929870605469 0.3504901613507952 0.47021463939121794
1 0.39689608982631136 0.23895949976784842 0.6286153793334961 0.2875277314867292
1 0.2750470297677176 0.5182441302708217 0.16264396054404123 0.4755189078194754
1 0.502385139465332 0.5063563414982387 0.9675712585449219 0.9872873170035226
1 0.4040038585662842 0.4453073569706508 0.12796354293823242 0.2586941719055176