1 0.19308854852403914 0.7857449395315987 0.187603303364345 0.42723567145211355
1 0.5597799164908273 0.7907037734985352 0.2550205503191267 0.41750029155186247
1 0.07987562247685023 0.5308814729963031 0.15975124495370047 0.2870690141405378
1 0.45650185857500347 0.6144387381417411 0.4034026690891811 0.5275103364671979
1 0.7765052659170968 0.7475364548819405 0.40048067910330637 0.36974310874938965
1 0.43880023275102886 0.47930833271571566 0.3758665493556431 0.498164313180106
1 0.1989332948412214 0.507033143724714 0.20531891073499406 0.5013066700526646
1 0.32188800403050016 0.2208541120801653 0.5114761761256627 0.17636884961809432
1 0.3640998772212437 0.9262263434273856 0.17157867976597377 0.14678921018327987
1 0.30018207005092074 0.40869607244219097 0.11963834081377302 0.24095439910888672
1 0.5344717843191964 0.5643442698887416 0.9159187589372907 0.8573709215436663
1 0.7762106486729213 0.4952914374215262 0.224332400730678 0.3804260322025844
1 0.7726718357631138 0.43090888432094027 0.296548707144601 0.49763546671186176