1 0.07656571694782802 0.7686975342886788 0.15302979946136475 0.43926351411002024
1 0.39254978724888395 0.602182252066476 0.5113730090005058 0.3885419709341867
1 0.3637533869062151 0.796407835824149 0.5137649263654437 0.34077187946864534
1 0.39559575489589144 0.23696989672524588 0.6150509970528739 0.4433508941105434
1 0.49983014379228863 0.4990499360220773 0.9959510394505092 0.9980998720441546
1 0.7691226005554199 0.7322767121451241 0.4598557267870222 0.4226857934679304
1 0.5964559827532087 0.9645494052342006 0.45382710865565706 0.0700897489275251
1 0.2350130762372698 0.5085497583661761 0.19174282891409739 0.48636531829833984
1 0.17070399011884416 0.43665296690804617 0.3410508292061942 0.349435601915632
1 0.36281377928597586 0.45645601408822195 0.1598858663014003 0.27519260134015766
1 0.8609873907906669 0.8031095777239118 0.27788400650024414 0.3922016280038016