1 0.41371192250932964 0.17562103271484375 0.40431152071271625 0.2277057341166905
1 0.13733619451522827 0.7273475102015904 0.27426064014434814 0.1412480218069894
1 0.6555054528372628 0.09949181761060442 0.2449329580579485 0.19898363522120885
1 0.30948993137904574 0.24439270155770437 0.48377932821001324 0.17700896944318498
1 0.7237663269042969 0.22011559350149973 0.3520345687866211 0.13072056429726736
1 0.5243380410330636 0.5466856615883964 0.9513239179338727 0.9031658853803363
1 0.5251938615526471 0.5880158288138253 0.5028722626822335 0.2357302393232073
1 0.08882732902254377 0.4194249766213553 0.17720183304377965 0.09392568043300084
1 0.10144340991973877 0.505331141608102 0.2027169636317662 0.2610962050301688
1 0.3997065680367606 0.03795473064695086 0.32103024210248676 0.07590946129390172
1 0.35253374917166574 0.36914563179016113 0.15422068323407853 0.3404060091291155
1 0.1009417176246643 0.522134508405413 0.2018834352493286 0.1484098093850272
1 0.4406951495579311 0.12648769787379674 0.3560511725289481 0.11921759162630353