1 0.2935139111110142 0.3209103175571987 0.3171877861022949 0.41994772638593403
1 0.4035864216940744 0.21260270050593785 0.48103952407836914 0.4241968223026821
1 0.5128223896026611 0.49093362263270784 0.620145320892334 0.3090708255767822
1 0.8829053470066616 0.3020005907331194 0.23040771484375 0.1505631378718785
1 0.10400733777454921 0.3801027706691197 0.20787857260022843 0.15594138417925155
1 0.7296045848301479 0.10332889216286796 0.34935624258858816 0.13389716829572404
1 0.25899243354797363 0.6379378182547433 0.48886871337890625 0.23619706290108816
1 0.07898742812020439 0.5037315913609096 0.15754457882472447 0.12699089731488908
1 0.08495456831795829 0.23893186024257115 0.16897508076259068 0.14188366276877268
1 0.2011141095842634 0.49943372181483675 0.1148390599659511 0.18987563678196498
1 0.8681966236659459 0.4570825440543039 0.14749111448015487 0.20196131297520228