1 0.7227749824523926 0.1666795015335083 0.23494761330740793 0.2206164768763951
1 0.16895694392068045 0.7630359785897392 0.33749897139413015 0.1564655303955078
1 0.788198607308524 0.296717711857387 0.33639083589826313 0.1295109816959926
1 0.6174091611589704 0.6202331270490374 0.7595494815281459 0.4289866174970354
1 0.6163240160260882 0.5148094041006905 0.7673520360674176 0.7206884111676898
1 0.12105311666216169 0.4779505729675293 0.24210623332432338 0.104238680430821
1 0.47760203906467985 0.24158591883523123 0.35950286047799246 0.21562259537833078
1 0.5078300748552594 0.19939032622746058 0.35865562302725656 0.115961526121412
1 0.17909702232905797 0.3842361995152065 0.15092110633850098 0.09403661319187709
1 0.4291575976780483 0.7506765638078962 0.16579174995422363 0.2292329924447196
1 0.442953211920602 0.3137459414345877 0.3377976417541504 0.18008504595075334
1 0.13455164432525635 0.5659730775015694 0.2671818733215332 0.13062804085867746
1 0.3845939976828439 0.31379447664533344 0.47372634070260183 0.18744383539472306