0 0.17289527824946813 0.7350613730294364 0.3447998932429722 0.14492198399135045
0 0.5028736591339111 0.47529676982334684 0.9699694088527134 0.5804728099278041
0 0.7319126129150391 0.1443037305559431 0.22962093353271484 0.2205613170351301
0 0.5024501596178327 0.21816417149135045 0.3822992188589914 0.21479429517473494
0 0.43782295499529156 0.7049642290387835 0.16542884281703404 0.26087801797049387
0 0.7932578495570591 0.2748290130070278 0.3402533531188965 0.12923051629747664
0 0.07831278017589025 0.6231896536690849 0.15627365452902658 0.09594556263514928
0 0.14407389504568918 0.5398672989436558 0.28814779009137836 0.1307875088282994
0 0.6288129261561802 0.24581680979047502 0.6749394280569894 0.4182265145438058
0 0.5048186779022217 0.17469150679452078 0.38210480553763254 0.10729324817657471
0 0.3094875471932547 0.6381702423095703 0.15225277628217423 0.2653695855821882
