1 0.13835027388163976 0.7305977685110909 0.2762115853173392 0.14157635825020926
1 0.6539345468793597 0.09923774003982544 0.24384266989571707 0.19847548007965088
1 0.41422527176993235 0.1784789902823312 0.40611233030046734 0.22444493430001394
1 0.30837879862104145 0.24606169973100936 0.4860790116446359 0.1770418201174055
1 0.37100103923252653 0.6888345309666225 0.17184710502624512 0.2575429848262242
1 0.23329181330544607 0.5273607798985073 0.15497633389064244 0.4511315141405378
1 0.7225657190595355 0.22057184151240758 0.34614409719194683 0.1288771629333496
1 0.10407415458134242 0.5076889310564313 0.20804486955915177 0.25995891434805735
1 0.09047511645725795 0.4221763610839844 0.18043392045157297 0.09319799286978585
1 0.3562852995736258 0.39094420841761995 0.15987353665488108 0.37432442392621723
1 0.1037825345993042 0.5259994438716343 0.2061755657196045 0.14989450999668666
1 0.12970766850880214 0.6410306521824428 0.12570256846291677 0.1347503662109375
1 0.40473590578351704 0.03878913606916155 0.3087397643498012 0.0775782721383231
1 0.10119361536843437 0.33333281108311247 0.1594865322113037 0.10009888240269252
1 0.46149563789367676 0.38683829988752094 0.14207914897373744 0.12432616097586495