1 0.1784151792526245 0.7689925602504185 0.17725457463945662 0.46039179393223356
1 0.7626276016235352 0.8374813624790737 0.4452821527208601 0.2758668490818569
1 0.14066464560372488 0.4804255281175886 0.16971530233110702 0.2712822641645159
1 0.4859140259878976 0.5151618548801967 0.43894481658935547 0.452730621610369
1 0.5381894111633301 0.8180358069283622 0.31320970399039133 0.3637869017464774
1 0.3366895743778774 0.9246768951416016 0.16033872536250524 0.14998279299054826
1 0.8218471663338798 0.46096978868756977 0.35394205365862164 0.3666445527757917
1 0.49090140206473215 0.6556038175310407 0.45275701795305523 0.4442575318472726
1 0.2773292064666748 0.4709763526916504 0.16606950759887695 0.4488957268851144
1 0.5481117112295968 0.5505580902099609 0.8936500549316406 0.8836383819580078
1 0.5026208332606724 0.49797987937927246 0.9791678019932338 0.9883190563746861
1 0.39663961955479216 0.40237644740513395 0.11934430258614677 0.24527602536337717