0 0.13795232772827148 0.725243091583252 0.2752089500427246 0.13499695914132254
0 0.4130615847451346 0.17929455212184361 0.39888170787266325 0.22319063118525914
0 0.6516991342817035 0.10103032418659755 0.24058760915483748 0.2020606483731951
0 0.7170694214957101 0.2231449740273612 0.3435478210449219 0.1294067246573312
0 0.3102336951664516 0.24781012535095215 0.4791654518672398 0.16911344868796213
0 0.5516424179077148 0.5579651764460972 0.47332136971609934 0.22133997508457728
0 0.23209670611790248 0.5324341910226005 0.15924206801823207 0.4317170892442976
0 0.1020157081740243 0.5069597789219448 0.2038624116352626 0.26008786473955425
0 0.37015107699802946 0.6923608779907227 0.16923398630959646 0.23993607929774693
0 0.3505911145891462 0.3711461339678083 0.145216771534511 0.37185849462236675
0 0.8484289986746651 0.43210271426609587 0.21557787486485072 0.11884314673287528
0 0.13159143924713135 0.6354484558105469 0.1235135623386928 0.13552291052682058
0 0.4652083260672433 0.4580442564828055 0.8590230941772461 0.7474036897931781
0 0.42695440564836773 0.12908338648932322 0.374490601675851 0.11621177196502686
