1 0.6595792770385742 0.9341227667672294 0.4857340540204729 0.1316377776009696
1 0.09412228209631783 0.7753631728036063 0.1876894235610962 0.44792584010532926
1 0.798102787562779 0.6653772081647601 0.40379442487444195 0.4473239353724888
1 0.4525393077305385 0.8623852729797363 0.3294624260493687 0.274895259312221
1 0.420701197215489 0.7437874249049595 0.4936774798801967 0.3710660593850272
1 0.4041708878108433 0.23089546816689627 0.5961097308567592 0.35309440749032156
1 0.43454435893467497 0.5770430564880371 0.4876442977360317 0.39961886405944824
1 0.10139839138303484 0.48886401312691824 0.17002822671617782 0.26718262263706755
1 0.23127896445138113 0.9439076014927456 0.1608786072049822 0.11147478648594447
1 0.3815020833696638 0.4433061054774693 0.14201954432896205 0.26204640524727957
1 0.7885374341692243 0.7246738161359515 0.3728086607796805 0.3159632682800293