0 0.7500593321663993 0.39857094628470285 0.247110230582101 0.417734009878976
0 0.8638606752668109 0.24732507978166854 0.17877279009137834 0.4946501595633371
0 0.5418493407113212 0.2901498930794852 0.20583374159676687 0.5792236328125
0 0.3892425468989781 0.25378389017922537 0.1994795799255371 0.5059651987893241
0 0.2612865482057844 0.41114912714276997 0.5192944322313581 0.45052834919520784
0 0.7480776650565011 0.12490252086094447 0.1672889164515904 0.24522154671805246
0 0.41573054449898855 0.7248285157339913 0.5187478746686663 0.5270263467516217
0 0.798253059387207 0.05653532488005502 0.1892211777823312 0.11307064976011004
0 0.6278979437691825 0.09755287000111171 0.11780105318341937 0.19377069813864573
0 0.10646061386380877 0.5177664756774902 0.2109454529626029 0.30069422721862793
0 0.4957692963736398 0.4989042282104492 0.9832660130092076 0.9978084564208984
0 0.2641775778361729 0.34114534514290945 0.5283283846718925 0.6700780732291085
0 0.15085436616625106 0.10322153568267822 0.30050982747759136 0.20615124702453613
