1 0.742302690233503 0.6336172648838588 0.5153946195329938 0.2892023154667446
1 0.47968939372471403 0.6345116751534599 0.383054324558803 0.4853219304765974
1 0.09150983606066022 0.5557552065168109 0.18285914829799108 0.5747288295200893
1 0.41121186528887066 0.4089897019522531 0.5408166476658413 0.5155650547572544
1 0.42096168654305594 0.2511850254876273 0.5353292056492397 0.4982186385563442
1 0.24998831748962402 0.7345559937613351 0.16660354818616593 0.19156224387032644
1 0.8245470864432198 0.3428319181714739 0.3509058952331543 0.39894860131399973
1 0.16790476867130824 0.2385118007659912 0.1985943147114345 0.4743976593017578
1 0.803166116986956 0.19834375381469727 0.39366769790649414 0.39595392772129606
1 0.32133807454790386 0.11985344546181816 0.1563328845160348 0.23813128471374512
1 0.5438761711120605 0.44130427496773855 0.9117627825055804 0.8731613159179688