0 0.13852345943450928 0.7259872300284249 0.2763969898223877 0.1370879581996373
0 0.4135237080710275 0.18031956468309676 0.4016103063310896 0.22724904332842147
0 0.3154350689479283 0.246509279523577 0.4784837450299944 0.17122391292027064
0 0.6548551150730678 0.1005957807813372 0.24020566259111678 0.2011915615626744
0 0.4999081407274519 0.5426113605499268 0.9897565160478864 0.9091511453901019
0 0.7212510790143695 0.22189249311174666 0.346520015171596 0.12944541658673966
0 0.10350961344582695 0.5068432944161552 0.20686398233686173 0.25973241669791086
0 0.09266608953475952 0.42046356201171875 0.1847031627382551 0.09289847101484026
0 0.23191077368600027 0.5247726781027657 0.16010384900229319 0.43984733309064594
0 0.35478380748203825 0.3661397525242397 0.15262961387634277 0.3548168454851423
0 0.38927323477608816 0.04028301579611642 0.33389200483049664 0.08056603159223284
0 0.10310902765819005 0.5193178994315011 0.20447071960994176 0.1409029620034354
0 0.5494565282549176 0.16636567456381662 0.6951565061296735 0.33273134912763325
