1 0.6019182205200195 0.6872404643467495 0.19581757272992814 0.4973795073372977
1 0.8068772043500628 0.5576060158865792 0.32037108285086496 0.45966955593654085
1 0.4032118661063058 0.38900491169520784 0.29200022561209543 0.5896246773856026
1 0.4452487400599888 0.4936870166233608 0.31454971858433317 0.6124444689069476
1 0.22538832255772182 0.1433323621749878 0.4494748796735491 0.2094407762799944
1 0.7433060237339565 0.33798156465802875 0.18697309494018555 0.37291414397103445
1 0.15464792932782853 0.48697015217372347 0.3085113934108189 0.5325695105961391
1 0.46285806383405415 0.8794396264212472 0.22887512615748815 0.22997992379324778
1 0.05718021733420236 0.5328129700251988 0.11410650185176305 0.3145922933306013
1 0.2153824738093785 0.350311211177281 0.12952513354165213 0.2141993727002825
1 0.49926011902945383 0.5242290496826172 0.9441789218357631 0.9307838167463031