1 0.9146850449698312 0.1340296949659075 0.16983945029122488 0.2237684726715088
1 0.7006350925990513 0.19741250787462508 0.4026116984231131 0.23584553173610143
1 0.30872992106846403 0.43972056252615793 0.34163240024021696 0.13262462615966797
1 0.7793347494942802 0.8535757064819336 0.43977376392909456 0.1826577867780413
1 0.6029849052429199 0.6629882540021624 0.1880289145878383 0.27420272145952496
1 0.8634868349347796 0.47059644971575054 0.2726391383579799 0.622192246573312
1 0.583559376852853 0.508049760546003 0.832881246294294 0.9703746523175921
1 0.3497229644230434 0.3104808671133859 0.3147893633161272 0.1571070637021746
1 0.7214066641671317 0.5292404038565499 0.30015107563563753 0.5009608949933734
1 0.2593400137765067 0.5374069895063128 0.2716289928981236 0.10789448874337333
1 0.3956801210130964 0.6914978708539691 0.32501663480486187 0.26439411299569265
1 0.9357892445155552 0.28179049491882324 0.1276279858180455 0.13629254273005895
1 0.6233303206307548 0.2751128673553467 0.3031530720846994 0.19487714767456055