0 0.5417730467660087 0.3443331037248884 0.6284948076520648 0.43697190284729004
0 0.23532322474888392 0.5675506591796875 0.22279042857033865 0.2822446823120117
0 0.5554488045828683 0.1340763909476144 0.45226175444466726 0.11685960633414132
0 0.19152769020625524 0.8255462646484375 0.2257225513458252 0.34832007544381277
0 0.8422523226056781 0.8247782843453544 0.31483541216169086 0.34951026099068777
0 0.8507191794259208 0.12974039997373307 0.201519353049142 0.20107839788709367
0 0.43026627813066753 0.6178443091256278 0.28981365476335796 0.5238091264452253
0 0.554931504385812 0.7305804661342076 0.5329532282693046 0.34584311076572966
0 0.8906909397670201 0.4937145028795515 0.21787704740251815 0.38277769088745117
0 0.33529373577662874 0.6697953769138881 0.511704513004848 0.6499866758074079
