1 0.5758397238595145 0.15768383230481828 0.3746070521218436 0.2633286544254848
1 0.6203114645821708 0.8019884654453823 0.5603785514831543 0.16513667787824357
1 0.6469824654715401 0.4834646156855992 0.23676913125174387 0.49487556729997906
1 0.8082066944667271 0.1303594367844718 0.19772795268467494 0.24555095604487828
1 0.5013750621250698 0.5153683934892926 0.1933950356074742 0.42928569657461985
1 0.1715285096849714 0.3650055612836565 0.3350950649806431 0.1350217887333461
1 0.4063619204929897 0.6119025094168526 0.0953308173588344 0.2449075494493757
1 0.3725697994232178 0.4236440658569336 0.11033603123256139 0.3543081283569336
1 0.23370986325400217 0.6052626882280622 0.2946617603302002 0.2528219223022461
1 0.12797585555485316 0.44726760046822683 0.2559517111097063 0.10389460836138044
1 0.8585761615208217 0.5431769234793526 0.1891937255859375 0.3725759301866804
1 0.8416971479143415 0.2649273020880563 0.31660577229091097 0.14866832324436732
1 0.22650820868355886 0.2465592282158988 0.3093902724129813 0.15132410185677664
1 0.2745028223310198 0.512681416102818 0.10373008251190186 0.19345910208565847
1 0.45371648243495394 0.2104706253324236 0.1989025047847203 0.16777620996747697
1 0.9214391708374023 0.5015700204031808 0.15679475239345006 0.11376421792166573
1 0.5735569681440081 0.047361786876405985 0.30863472393580843 0.09469593422753471
1 0.8558518545968192 0.08153150762830462 0.2882962908063616 0.16274322782244002