1 0.5746528080531529 0.16292042391640799 0.36882669585091726 0.2694191762379238
1 0.6116695404052734 0.8113764354160854 0.558307443346296 0.16417557852608816
1 0.6433240345546177 0.49194090706961496 0.2353325571332659 0.4982121331351144
1 0.49644010407584055 0.5222602912357875 0.1904752595084054 0.43447896412440706
1 0.8533702577863421 0.5494135447910854 0.18499142783028738 0.3685863699231829
1 0.8055836813790458 0.13603338173457555 0.19883176258632115 0.24735392842973983
1 0.22984508105686732 0.6051808084760394 0.2873461587088449 0.254953214100429
1 0.8350474493844169 0.26967438629695345 0.3299051012311663 0.14611404282706125
1 0.1697345801762172 0.36609152385166716 0.3290201595851353 0.13570727620806014
1 0.40256203923906597 0.616553510938372 0.09155423300606864 0.24653989928109304
1 0.1275451864515032 0.44677584511893137 0.2550903729030064 0.10358503886631557
1 0.2266275201525007 0.24797991343906947 0.3102273941040039 0.14961063861846924
1 0.3716179302760533 0.42473840713500977 0.11155578068324498 0.35211154392787386
1 0.9186654090881348 0.5035798890250069 0.16266918182373047 0.11410181862967354
1 0.2728637286594936 0.5119690895080566 0.1062807525907244 0.19007931436811173
1 0.46183126313345774 0.21253715242658341 0.21781349182128906 0.16751304694584437