1 0.6087566784449986 0.8192601885114398 0.5597362177712577 0.17058140890938894
1 0.5784262248447963 0.16434792109898158 0.36992692947387695 0.27215557438986643
1 0.49963811465672087 0.530555248260498 0.18440580368041992 0.43145435197012766
1 0.8098171779087612 0.1354061790875026 0.19627414430890763 0.24748963969094412
1 0.6439488274710519 0.4979702745165144 0.2269024167742048 0.5007555144173759
1 0.17233734471457346 0.3648820604596819 0.3379491737910679 0.13530697141374862
1 0.8561242648533413 0.5491959708077567 0.1862328393118722 0.3696580614362444
1 0.23332304613930838 0.6045586722237724 0.2919558456965855 0.25677033833095003
1 0.3727165630885533 0.422910281590053 0.10848614147731236 0.3508284091949463
1 0.40230958802359446 0.6216904776436942 0.0887645993913923 0.2517463820321219
1 0.8395343508039202 0.2702902725764683 0.32093136651175364 0.14452523844582693
1 0.22861783845084055 0.2500101157597133 0.30539941787719727 0.14761081763676234
1 0.12760624715260097 0.44401352746146067 0.25521249430520193 0.10203685079302106
1 0.27424696513584684 0.5109567642211914 0.10479954310825892 0.19124960899353027
1 0.9197942188807896 0.5065296036856515 0.16041163035801478 0.11444398335048131
1 0.7320205824715751 0.3677300044468471 0.15839222499302455 0.11496363367353167
1 0.4758870942252023 0.21273326873779297 0.23778550965445383 0.16801200594220841
1 0.5737218856811523 0.4719511440822056 0.8501744951520648 0.9405826841081891