0 0.6089488438197544 0.8197387967790876 0.561347348349435 0.170116765158517
0 0.5760346821376255 0.1639376708439418 0.37190985679626465 0.2727419137954712
0 0.6443215778895787 0.49958692278180805 0.23018816539219447 0.4998434952327183
0 0.4988187040601458 0.5293245315551758 0.18627936499459402 0.43338871002197266
0 0.2325927870614188 0.6084772518702916 0.29416472571236746 0.2625676563807896
0 0.8077466828482491 0.13562091759272984 0.19686276572091238 0.2482804230281285
0 0.17161537919725692 0.36503798621041433 0.33593549047197613 0.13492574010576522
0 0.8534644671848842 0.5477825573512486 0.18642234802246094 0.37216653142656597
0 0.12760256017957414 0.4446160112108503 0.2552051203591483 0.10286426544189453
0 0.4023106438773019 0.6203732490539551 0.09003257751464844 0.2500997611454555
0 0.37211683818272184 0.4223036766052246 0.10770671708243233 0.3496474197932652
0 0.834923335484096 0.2708172116960798 0.33015326091221403 0.14612717287881033
0 0.22842575822557723 0.24969611849103654 0.30881054060799734 0.14918879100254603
0 0.27363862310137066 0.5092310905456543 0.10512057372501918 0.19044947624206543
0 0.4731893539428711 0.21281494413103377 0.2378692967551095 0.16697025299072266
0 0.9190337998526437 0.5064118930271694 0.16157572610037668 0.11367576462881905
0 0.47916419165475027 0.3135672296796526 0.10852381161281041 0.0768672057560512
0 0.8568921089172363 0.08696834530149188 0.28621578216552734 0.17353543213435582
