0 0.5853619575500488 0.4888333593096052 0.8109468051365444 0.6445933750697544
0 0.7274237360273089 0.15068651948656356 0.2343149185180664 0.22563351903642928
0 0.16832339763641357 0.7551544053213937 0.33314783232552664 0.1605095182146345
0 0.5941037450517926 0.5353490965706962 0.7742313657488141 0.4450511932373047
0 0.5104687554495675 0.4925413131713867 0.9669318880353656 0.8319316591535296
0 0.49251273700169157 0.2312319278717041 0.38718829836164204 0.22347382136753627
0 0.42887507166181293 0.7289491380964007 0.16584927695138113 0.2568043981279646
0 0.7898335456848145 0.2832971640995571 0.3381538391113281 0.129726699420384
0 0.12095750229699272 0.4661226272583008 0.24191500459398543 0.10457018443516322
0 0.5985473224094936 0.0769926905632019 0.761493274143764 0.153664231300354
0 0.627741949898856 0.2541902916772025 0.6667231151035854 0.42337121282305035
