0 0.0900100725037711 0.5907348224094936 0.1800201450075422 0.3426904337746756
0 0.15458127430507115 0.8702883039202008 0.26937525612967356 0.2581607273646763
0 0.3457409313746861 0.6213617324829102 0.15275486877986363 0.43590831756591797
0 0.2464738573346819 0.7570428167070661 0.2817475455147879 0.4058425085885184
0 0.4809598241533552 0.640181132725307 0.14395730836050852 0.4408431053161621
0 0.316218410219465 0.14462385858808244 0.40641811915806364 0.2159384318760463
0 0.6632773535592216 0.7243644169398716 0.24512651988438197 0.5476762907845634
0 0.6990229742867606 0.3204640660967146 0.2207597323826381 0.15045692239488875
0 0.19799535615103586 0.43314835003444124 0.2042689323425293 0.3723346846444266
0 0.43073878969464985 0.2533750534057617 0.3585395812988281 0.13663314070020402
0 0.30896428653172087 0.18748954364231654 0.3891658442361014 0.12896914141518728
0 0.502835750579834 0.37290430068969727 0.2627622400011335 0.151414155960083
0 0.5591880593981061 0.15147474833897182 0.17818648474557058 0.14075679438454763
0 0.08628581251416888 0.3984430176871164 0.11819268124444145 0.10487008094787598
0 0.5035001890999931 0.2124293531690325 0.48254966735839844 0.27414022173200336
0 0.44613940375191824 0.9256865637642997 0.24578305653163365 0.14769247600010463
