1 0.6368053300040108 0.4751066139766148 0.6997191565377372 0.4375905309404646
1 0.5092464855739048 0.2565965822764805 0.4854771750313895 0.4713845593588693
1 0.4079004355839321 0.3571203776768276 0.29011835370744976 0.44836493900844027
1 0.3099241256713867 0.641786915915353 0.4621419906616211 0.251319306237357
1 0.13938142572130477 0.2394817897251674 0.27876285144260954 0.15579232147761754
1 0.2611076831817627 0.517024040222168 0.11429366043635777 0.20634518350873673
1 0.7966999326433454 0.13059935399464198 0.36495631081717356 0.13186892441340856
1 0.14359368596758162 0.382742132459368 0.28718737193516325 0.15676801545279367
1 0.3199613775525774 0.48998846326555523 0.07944244997841972 0.2293250220162528
1 0.6436003957475934 0.5611547061375209 0.7058850697108677 0.2661546639033726
1 0.9205273900713239 0.3443151201520647 0.15894521985735213 0.14472876276288713