0 0.5978269577026367 0.23505171707698277 0.25507490975516184 0.464559725352696
0 0.3465993744986398 0.12550835950034006 0.25675315516335623 0.18867152077811106
0 0.11269264561789376 0.3331513064248221 0.22450246129717147 0.15677096162523543
0 0.1810547113418579 0.49635096958705355 0.12729374851499284 0.22863411903381348
0 0.38723053250994 0.33116681235177176 0.12701821327209473 0.13298426355634416
0 0.12804004975727626 0.18290202958243235 0.2560800995145525 0.17976602486201695
0 0.25046793052128385 0.6087201663425991 0.5003994192395892 0.3647679941994803
0 0.27261650562286377 0.39345366614205496 0.11287447384425572 0.4464756080082485
0 0.39252097266060965 0.24341447012765066 0.13236457960946219 0.098976697240557
0 0.39106811795915875 0.06715600405420576 0.18145060539245605 0.1343120081084115
0 0.81944397517613 0.2243373223713466 0.3566164289202009 0.44827355657305035
