1 0.08374121359416417 0.5976529802594867 0.16748242718832834 0.3448585442134312
1 0.3291135174887521 0.6264872550964355 0.15483999252319336 0.4337069307054792
1 0.23994105202811106 0.7656970024108887 0.29022986548287527 0.40487068040030344
1 0.14642643928527832 0.8744747979300362 0.2682321412222726 0.2496023178100586
1 0.682582174028669 0.32110047340393066 0.213857786996024 0.1530458586556571
1 0.637993403843471 0.7366882051740374 0.22057628631591797 0.5261407579694476
1 0.4700592926570347 0.6419619832720075 0.14033773967197963 0.432232175554548
1 0.18542379992348806 0.4398139544895717 0.19110427583966935 0.36461448669433594
1 0.3087213379996164 0.3439479555402483 0.17403326715741838 0.12589614731924875
1 0.4855421951838902 0.37585837500435965 0.2655283382960728 0.1415114062173026
1 0.6233624049595424 0.254389830998012 0.20142395155770437 0.2073225975036621
1 0.14179287637983048 0.1097191572189331 0.17141692978995188 0.15792298316955566
1 0.5395783015659877 0.1531078474862235 0.17918835367475236 0.1401987075805664
1 0.299480710710798 0.148980975151062 0.40713919912065777 0.2244859082358224
1 0.7753678730555943 0.43431861060006277 0.1409257480076381 0.1659139565059117
1 0.41194302695138113 0.2589444773537772 0.3541084017072405 0.1348979643412999
1 0.2913121495928083 0.1974437407084874 0.38634562492370605 0.12809767041887557
1 0.29886307035173687 0.08708056381770543 0.16780718735286168 0.11591607332229614
1 0.8280699593680245 0.5643228462764195 0.16128063201904297 0.1528669766017369
1 0.47457970891680035 0.49654034205845426 0.9448578017098563 0.9930806841169085
1 0.025219729968479702 0.5324192728315081 0.05021374566214425 0.22584778921944754