0 0.7599549974714007 0.41453995023454937 0.2548713002886091 0.428095953805106
0 0.5492291450500488 0.30386618205479216 0.2054755347115653 0.598440306527274
0 0.8707467487880162 0.25558338846479145 0.17972203663417272 0.5063674790518624
0 0.7989845957074847 0.062376626900264194 0.21175861358642578 0.12475325380052839
0 0.39267451422555105 0.26591176646096365 0.20377564430236816 0.5293525627681187
0 0.2671816349029541 0.427560670035226 0.5310816764831543 0.44003077915736605
0 0.4964329515184675 0.49880760056631906 0.9889234134129116 0.9976152011326381
0 0.7511153902326312 0.12974630083356584 0.17364958354404994 0.24687181200299943
0 0.6254809243338448 0.10521654571805682 0.128129175731114 0.21011977536337717
0 0.4254542418888637 0.7418846402849469 0.5282449041094098 0.5162307875497001
0 0.10831556149891444 0.5440679277692523 0.2154712506702968 0.31106577600751606
0 0.15101422582353866 0.11411962338856288 0.3020284516470773 0.22818642003195627
