1 0.15089949539729527 0.7139866692679269 0.30179899079459055 0.14321797234671457
1 0.6879549026489258 0.10433042900902885 0.23241731098720006 0.2086608580180577
1 0.7531939915248326 0.23078325816563197 0.3403365271432059 0.12766027450561523
1 0.4486504963466099 0.18084062848772323 0.38677951267787386 0.22390084607260569
1 0.3982461520603725 0.6842773301260812 0.16529168401445662 0.25039022309439524
1 0.3469279834202358 0.251902631350926 0.4848395756312779 0.17660559926714217
1 0.11706472294671195 0.5121500151497977 0.23326902730124338 0.1342102118900844
1 0.26659975733075825 0.543175186429705 0.15566834381648473 0.4032165663582938
1 0.11024801220212664 0.4209015028817313 0.21994548184531076 0.09883155141557966
1 0.16459155082702637 0.632157461983817 0.12434653724942889 0.12834950855800084
1 0.05955699511936733 0.5966958999633789 0.11911399023873466 0.08417136328560966
1 0.7648976189749581 0.052875480481556485 0.2831268310546875 0.10575096096311297
1 0.4945556776864188 0.39361769812447683 0.1429931436266218 0.13086788994925364
1 0.13949694803782872 0.32913851737976074 0.1555082287107195 0.09787200178418841
1 0.4260248456682478 0.04150804877281189 0.3325778416224888 0.08301609754562378
1 0.4643198422023228 0.13321723256792342 0.3771121161324637 0.1109999247959682
1 0.39654295785086496 0.38442843300955637 0.16125062533787318 0.3788972241537912
1 0.2612271649496896 0.3966090338570731 0.12534824439457484 0.2423579011644636