0 0.3998652526310512 0.17612673555101668 0.39208527973720003 0.22359851428440639
0 0.13674411603382655 0.7311100959777832 0.2732593502317156 0.13871097564697266
0 0.3628406184060233 0.6894290106637138 0.17271416527884348 0.2574023519243513
0 0.6452044078281948 0.099373459815979 0.24414845875331334 0.198746919631958
0 0.2995730808803013 0.2398066861288888 0.4830854279654367 0.16257877009255545
0 0.22248876094818115 0.5341179370880127 0.15555119514465332 0.43348114831107004
0 0.7182120595659528 0.2185964924948556 0.33741804531642366 0.12988826206752233
0 0.0988068665776934 0.5061095782688686 0.19747051170894078 0.2583230904170445
0 0.09835897173200335 0.5301708493913923 0.19575166702270508 0.1581383773258754
0 0.08843867267881121 0.4216030665806362 0.17642370292118617 0.09355146544320243
0 0.4788573128836496 0.5953585760934013 0.27110917227608816 0.09842113086155482
0 0.41555350167410715 0.12848576477595738 0.38454740388052805 0.11952348266329084
0 0.12096738815307617 0.6397376741681781 0.12902126993451798 0.1342320442199707
0 0.3490088326590402 0.2398287228175572 0.33635142871311735 0.16622820922306605
