0 0.14609554835728236 0.7150312151227679 0.291048458644322 0.14635617392403738
0 0.6728559221540179 0.10137624400002616 0.238922119140625 0.20275248800005233
0 0.7422467640468052 0.22236927918025426 0.3352300780160086 0.13228058815002441
0 0.43223047256469727 0.17185829366956437 0.4019742693219866 0.22422013963971818
0 0.10135682140077863 0.4177469526018415 0.20213939462389266 0.09818247386387416
0 0.24439263343811035 0.5314940725054059 0.15734577178955078 0.42167091369628906
0 0.11017162459237236 0.5105508395603725 0.21901297569274902 0.13326522282191686
0 0.4426032475062779 0.12884880815233504 0.38857500893729074 0.11661829267229352
0 0.11075976065226964 0.5040537970406669 0.2212608712060111 0.26245406695774626
0 0.3824407032557896 0.6839154788425991 0.17005140440804617 0.2504748957497733
