0 0.8040454728262765 0.37889398847307476 0.25165326254708426 0.4869427340371268
0 0.4505903720855713 0.33951262065342497 0.2609165055411203 0.6447533198765346
0 0.6153720446995327 0.5211636679513114 0.17438544545854842 0.46444426264081684
0 0.36428213119506836 0.27515132086617605 0.2526466165270124 0.549182823726109
0 0.717655999319894 0.1906270980834961 0.17620515823364258 0.33834396089826313
0 0.19734101636069162 0.417424065726144 0.3939603737422398 0.5341338770730155
0 0.6238038880484444 0.14282612289701188 0.1505608218056815 0.28565224579402376
0 0.8511825289045062 0.11659122364861625 0.29580579485212055 0.23236358165740967
0 0.16165859358651297 0.09087732008525304 0.3217822483607701 0.18136860643114364
0 0.5206456184387207 0.7375202860151019 0.2420994554247175 0.23598057883126394
0 0.1481090443474906 0.393683706011091 0.2962180886949812 0.47444071088518414
