1 0.7444906234741211 0.7556006567818778 0.4121454102652414 0.3139089175633022
1 0.17481863498687744 0.7649405343191964 0.1776162896837507 0.46877431869506836
1 0.09698136363710676 0.4834629126957485 0.16688450745173863 0.2698896271841867
1 0.5337461062840053 0.7903077942984444 0.2660612038203648 0.41938441140311106
1 0.444124664579119 0.4656472546713693 0.39146593638828825 0.4495513779776437
1 0.4533702645983015 0.603154046194894 0.41992344175066265 0.47351295607430594
1 0.3365351813180106 0.9085126604352679 0.16479645456586564 0.18270628792898996
1 0.3324160575866699 0.3821031706673758 0.12196053777422224 0.23814429555620467
1 0.35510662623814176 0.19415349619729177 0.5040033885410854 0.20510275023324148
1 0.2253854445048741 0.4757843698774065 0.182600736618042 0.48605765615190777
1 0.7770648002624512 0.448221172605242 0.326972280229841 0.4760492188589914
1 0.5677195617130825 0.5251964500972203 0.7389832224164691 0.8799512726919991