0 0.18341083186013357 0.569317102432251 0.2254727397646223 0.2772402763366699
0 0.5240640640258789 0.12457425253731864 0.4626189981188093 0.11926981381007604
0 0.5068117550441197 0.7349491800580706 0.544513429914202 0.3524168218885149
0 0.5598288944789341 0.3731802872249058 0.49721952847072054 0.3856853076389858
0 0.1339267577443804 0.8243664332798549 0.23352079732077463 0.35069199970790316
0 0.4996637616838728 0.34062518392290386 0.6316753114972796 0.44731596537998747
0 0.870804922921317 0.48268795013427734 0.257444041115897 0.41404696873256136
0 0.49499804633004324 0.8712351662772042 0.538151741027832 0.25698866162981304
0 0.8277847426278251 0.8268963950020927 0.34341498783656527 0.34555305753435406
0 0.3830868516649519 0.6251617159162249 0.3101534162248884 0.531005995614188
0 0.8278210503714425 0.12360049145562309 0.21153409140450613 0.20621584142957414
0 0.32997328894478933 0.620021138872419 0.2052126952580043 0.5202131271362305
0 0.5657089097159249 0.8256285531180245 0.8682652882167271 0.34706320081438335
