1 0.7561672755650112 0.7453840119498116 0.48399247441973003 0.407639673777989
1 0.37158622060503277 0.6104427065168109 0.5034557410648891 0.32790374755859375
1 0.3329190526689802 0.7907144001552037 0.5160210473196847 0.30158799035208567
1 0.3804409163338797 0.24036221844809397 0.6176671981811523 0.4637905870165144
1 0.06494901435715812 0.7694894245692662 0.1295496310506548 0.45994063786097933
1 0.5605269840785435 0.966357980455671 0.463724034173148 0.06645584106445312
1 0.49894588334219797 0.5002904619489398 0.9926759856087821 0.9974365234375
1 0.34492506299700054 0.45391368865966797 0.16996315547398158 0.27650128092084614
1 0.15850159100123815 0.4965903418404715 0.30585125514439176 0.47612530844552176
1 0.15355379240853445 0.43243677275521414 0.3071075848170689 0.3412457193647112
1 0.7826405933925084 0.3658638000488281 0.3633201462881906 0.44078404562813894