0 0.49174318994794575 0.16729458740779332 0.42800542286464144 0.25006922653743197
0 0.7055510112217495 0.5331944738115583 0.5860266004289899 0.415745598929269
0 0.15727579593658447 0.7314811434064593 0.31455159187316895 0.17453650065830775
0 0.7492472784859794 0.10678491422108241 0.24305077961512975 0.21356982844216482
0 0.8113508905683245 0.22921179022107804 0.36320699964250835 0.14549742426191056
0 0.12684592178889684 0.5157936641148159 0.25281228337969097 0.1479931218283517
0 0.4171422890254429 0.7109549386160714 0.18236098970685685 0.27654409408569336
0 0.2748774460383824 0.5539176123482841 0.1716766357421875 0.4301023142678397
0 0.11250699417931694 0.41278137479509625 0.22501398835863387 0.10485506057739258
0 0.27853253909519743 0.39433697291782926 0.14370552131107875 0.26496163436344694
0 0.14547526836395264 0.3176311765398298 0.174594589642116 0.10256237643105644
0 0.8330198015485492 0.051778703927993774 0.25976719175066265 0.10355740785598755
0 0.5481318065098354 0.624645641871861 0.3115420000893729 0.11423090526035853
0 0.10844898223876953 0.08368407828467232 0.21679868016924178 0.15681459222521102
0 0.16351418835776194 0.6446960312979562 0.13572838476725987 0.13625281197684153
