0 0.4807917390550886 0.148783768926348 0.4059570176260812 0.1960023811885289
0 0.41326461519513813 0.6921281814575195 0.1729069777897426 0.26693878855024067
0 0.15890181064605713 0.7165350232805524 0.3177119323185512 0.15886572429112025
0 0.7015777315412249 0.45038318634033203 0.5963386808122907 0.5449138368879046
0 0.7375278472900391 0.10411904539380755 0.23377173287527903 0.2082380907876151
0 0.8021341051374163 0.2265690735408238 0.3623130662100656 0.13992527553013392
0 0.2790613855634417 0.5253767967224121 0.16231146880558558 0.44858973366873606
0 0.11467468738555908 0.40885748182024273 0.22909855842590332 0.1016242163521903
0 0.12627987350736344 0.5058585916246686 0.2517387696674892 0.14288405009678432
0 0.1520533561706543 0.31532914297921316 0.15983360154288156 0.10230059283120292
0 0.1710843699319022 0.631822041102818 0.13381907769611903 0.13313068662370955
0 0.5628343309674945 0.6078122002737862 0.33334170069013325 0.11205618722098214
0 0.860543932233538 0.33942154475620817 0.20454481669834682 0.13331738540104457
0 0.12609652962003434 0.4957220894949777 0.2515491928373064 0.27546797479901997
0 0.4846776894160679 0.1199829067502703 0.4171641894749233 0.11373731068202428
0 0.41438545499529156 0.362983090536935 0.15661450794764928 0.4327811173030308
0 0.2807560988834926 0.38917521068028044 0.13619816303253174 0.2563443524496896
0 0.5557874270847866 0.509960447038923 0.15011497906276158 0.10714074543544225
