0 0.5693562371390206 0.15782364777156285 0.37571808270045687 0.26681665011814665
0 0.6428442001342773 0.4475810868399484 0.26885431153433664 0.5057766778128487
0 0.8011471884591239 0.12003884996686663 0.20739344188145228 0.24007769993373326
0 0.49670335224696566 0.4951192651476179 0.20872514588492258 0.42950269154139925
0 0.6238563401358468 0.7707336289542062 0.5649013519287109 0.1676148005894252
0 0.16821978773389543 0.36839280809674946 0.33380866050720215 0.13433023861476354
0 0.23918075220925467 0.6068167005266462 0.29779280935014996 0.24779203959873744
0 0.27659739766802105 0.5136172771453857 0.10371664592197963 0.1934387343270438
0 0.22014570236206055 0.2491870607648577 0.31374951771327425 0.14437484741210938
0 0.12781999792371476 0.4547438621520996 0.2556399958474295 0.10495175634111677
0 0.8401288305010114 0.2507802758898054 0.3197423389979771 0.13879416670118058
0 0.8655665261404855 0.5245496886117118 0.20130457196916854 0.3669595718383789
0 0.3592278616768973 0.42469586644853863 0.08692918504987444 0.34996475492204937
0 0.8629639489310128 0.07445085900170463 0.27407210213797434 0.14890171800340926
0 0.7354206357683454 0.3558263097490583 0.15132365907941545 0.11769962310791016
0 0.5523449693407331 0.042710576738630025 0.33460937227521625 0.08542115347726005
0 0.9222515651157924 0.48518800735473633 0.1547090666634696 0.11574172973632812
