1 0.13989803620747157 0.7176211902073452 0.27811178139277865 0.1423609597342355
1 0.6679566247122628 0.09815032141549247 0.23316717147827148 0.19630064283098494
1 0.23681926727294922 0.5305179527827671 0.1535626138959612 0.4248642921447754
1 0.4221231596810477 0.165851286479405 0.3955226625714983 0.21127235889434814
1 0.7939419746398926 0.7239787237984794 0.41211605072021484 0.5515437126159668
1 0.10810009922300066 0.32450784955705914 0.15219386986323766 0.09649256297520228
1 0.7278500965663365 0.21722143036978586 0.3531068393162319 0.13062689985547746
1 0.09434794528143746 0.4132330077035086 0.1880784205027989 0.09588926179068429
1 0.1061979787690299 0.5100083351135254 0.2123959575380598 0.13647995676313127
1 0.44854021072387695 0.12478284324918475 0.35451524598257883 0.11980467183249337
1 0.37298907552446636 0.685093811580113 0.17161893844604492 0.25046907152448383
1 0.3782717841012137 0.23983699934823172 0.3636683055332729 0.1709646327154977
1 0.3503892421722412 0.38800035204206196 0.1321950810296195 0.38733696937561035
1 0.2301245927810669 0.3882044383457729 0.12485241889953613 0.24366562707083567
1 0.48465183803013395 0.40426455225263325 0.9615530286516462 0.7866244316101074
1 0.1066611749785287 0.5000268391200474 0.213189925466265 0.26330515316554476
1 0.13525301218032837 0.6321751730782645 0.12696908201490129 0.12947753497532435
1 0.4637565612792969 0.3618745803833008 0.13436641011919295 0.08683344296046666