0 0.6955925396510533 0.19039942537035262 0.4021658556801932 0.20329015595572336
0 0.7727786472865513 0.8757010187421527 0.45347114971705843 0.183096068246024
0 0.9118345124380929 0.14801079886300222 0.17537988935198104 0.22938895225524902
0 0.5912444932120187 0.6726856231689453 0.17791748046875 0.29271786553519114
0 0.7058373178754535 0.5548434938703265 0.27894813673836844 0.5022037710462298
0 0.3847560201372419 0.6900931085859027 0.3115843023572649 0.25581836700439453
0 0.3038788522992815 0.4440598487854004 0.339808600289481 0.13176764760698592
0 0.3494361468723842 0.3219669205801828 0.316009589603969 0.14384097712380545
0 0.6053052629743304 0.28217411041259766 0.27930051939828054 0.18402891499655588
0 0.849278313773019 0.49953198432922363 0.3014433724539621 0.5965710367475238
0 0.5900750160217285 0.5241383143833706 0.819849967956543 0.8756955010550362
0 0.5000640664781842 0.49474804741995676 0.09676340648106166 0.3710739953177316
0 0.49294257164001465 0.5289367607661656 0.7474681990487235 0.6402839251926967
0 0.9253360203334263 0.2932624476296561 0.14831277302333287 0.1383577755519322
