0 0.698519093649728 0.19314701216561453 0.4061206749507359 0.22009726933070592
0 0.9134398869105748 0.14256858825683594 0.17228542055402482 0.22931041036333358
0 0.5987871715000698 0.6654731205531529 0.1862151963370187 0.2775146620614188
0 0.3071490696498326 0.4406841823032924 0.33906773158482145 0.13239509718758719
0 0.5813375200544085 0.5161635535103934 0.837324891771589 0.9676728929792132
0 0.774202687399728 0.8669847760881696 0.4500108446393694 0.19661215373447963
0 0.2587029082434518 0.5379890714372907 0.2712205818721226 0.10645999227251325
0 0.35021867070879253 0.3140832356044224 0.3137063980102539 0.1532583236694336
0 0.7137931415012905 0.5421386786869594 0.2835495812552316 0.5009491103036063
0 0.41901356833321707 0.5878346988133022 0.10576837403433663 0.19582404409136092
0 0.6144444601876395 0.2747590201241629 0.29008408955165316 0.19719546181815012
0 0.8596429824829102 0.4981508936200823 0.2806304522923061 0.6260137557983398
0 0.46581857545035227 0.5859395435878209 0.6843345505850655 0.7443097659519741
0 0.9322417804173061 0.28721908160618376 0.13419818878173828 0.1372439009802682
