0 0.4747802530016218 0.36043780190604074 0.6284177643912179 0.46554647173200336
0 0.10828201259885516 0.8328823362077985 0.2165640251977103 0.3333652360098703
0 0.1543123381478446 0.5779342651367188 0.23221010821206228 0.28773573466709684
0 0.507110629762922 0.14436909130641393 0.467595032283238 0.12120850597109113
0 0.8585286821637835 0.5075311660766602 0.2823547635759626 0.42987840516226633
0 0.48330630574907574 0.7470054626464844 0.5365192549569267 0.32951620646885466
0 0.8169713701520648 0.14596603597913468 0.21842057364327566 0.21401839596884592
0 0.356391395841326 0.6590221949986049 0.318286623273577 0.5612771851675851
0 0.804412841796875 0.8384919847760882 0.3906898498535156 0.3187007222856794
0 0.4332665034702846 0.578279972076416 0.16161152294703893 0.3005635738372803
0 0.21859541961124965 0.5412698473249163 0.3605367456163679 0.35881478445870535
