0 0.6192199843270438 0.3637030465262277 0.5944024494716099 0.39392546245029997
0 0.6266099384852818 0.15792827946799143 0.4224750655038016 0.1138365524155753
0 0.4095263821738107 0.5352725982666016 0.3273674419948033 0.33958462306431364
0 0.8966208866664341 0.1470367227281843 0.19455984660557338 0.19122041974748885
0 0.31556752749851774 0.8271181924002511 0.20515290328434535 0.34576354707990375
0 0.6520585332598005 0.29840244565691265 0.6642329352242606 0.5295446940830776
0 0.5206479345049176 0.6501895359584263 0.2512689658573696 0.4972143513815744
0 0.6834325109209333 0.39828143801007954 0.457646233694894 0.3194092682429722
0 0.6411937304905483 0.4888644218444824 0.7086395536150251 0.647064345223563
0 0.6630784443446568 0.7110638618469238 0.4713356835501535 0.307633638381958
0 0.36427160671779085 0.5546050752912249 0.23957054955618723 0.31162605966840473
0 0.4298647812434605 0.273939916065761 0.20579753603254045 0.2142096928187779
