0 0.3788219860621861 0.4014706611633301 0.26940011978149414 0.49639456612723215
0 0.5365607057298932 0.7078069959368024 0.2036222049168178 0.14501517159598215
0 0.6146087646484375 0.6171131815229144 0.2710989883967808 0.13181495666503906
0 0.1668353932244437 0.31853158133370535 0.2987090178898403 0.14232550348554338
0 0.5442438125610352 0.13390945536749704 0.17530117716108048 0.2665201084954398
0 0.21039390563964844 0.1814718246459961 0.27120312622615267 0.3176432337079729
0 0.43341210910252165 0.5051843779427665 0.32949304580688477 0.39726294789995464
0 0.44601079395839144 0.7994382040841239 0.13977851186479842 0.12638698305402482
0 0.2882181235722133 0.12116893700190953 0.15219036170414516 0.24169846943446568
0 0.226654086794172 0.5995071274893624 0.11588278838566371 0.44304752349853516
0 0.09589821951729911 0.6730506079537528 0.19078305789402553 0.2530725342886789
0 0.1548741544995989 0.5957660675048828 0.26205272333962576 0.4437117576599121
0 0.356788124356951 0.5833400998796735 0.6872127396719796 0.7428535733904157
0 0.07064152615410942 0.1476926122392927 0.14074320452553885 0.2953852244785854
