1 0.7023439407348633 0.5379401956285749 0.5884185518537249 0.40246220997401644
1 0.49076959065028597 0.1661409309932164 0.42614429337637766 0.24829215662819998
1 0.1599160943712507 0.7351146425519671 0.3198321887425014 0.17873811721801758
1 0.4180058070591518 0.7146212714059013 0.18520801407950266 0.28194802148001535
1 0.7487208502633231 0.10730634416852679 0.24506167003086635 0.21461268833705358
1 0.8113008226667132 0.23079671178545272 0.36311224528721403 0.1477613959993635
1 0.12552771397999354 0.5179269654410226 0.25031585352761404 0.15115833282470703
1 0.11417061941964286 0.41500725064958843 0.22701106752668107 0.10455492564610072
1 0.27507005419049946 0.5270157200949532 0.17333383219582693 0.4980259622846331
1 0.16243318149021693 0.6472154344831195 0.1354162778173174 0.1356962067740304
1 0.14529485361916677 0.3188763345990862 0.1742347308567592 0.10207499776567731
1 0.832866873059954 0.05225709506443569 0.2620440891810826 0.10451419012887138