1 0.7188808577401298 0.16724652903420584 0.23594093322753906 0.22090809685843332
1 0.1649742807660784 0.7631654739379883 0.3285001346043178 0.15783078329903738
1 0.6252653258187431 0.5805208342415946 0.749469348362514 0.5252189976828439
1 0.42508411407470703 0.7475903374808175 0.16437387466430664 0.23430579049246653
1 0.4857452596936907 0.24246222632271902 0.3910303797040667 0.2166562761579241
1 0.7855094500950405 0.2955414227076939 0.33768231528145926 0.1293679986681257
1 0.12430278744016375 0.4773519379752023 0.2486055748803275 0.10312843322753906
1 0.5930921690804618 0.5463900225503104 0.8135482924325126 0.8805635316031319
1 0.3810468741825649 0.3056772436414446 0.47010319573538645 0.1648808377129691
1 0.4869939259120396 0.20389836175101145 0.384662355695452 0.1337849157197135
1 0.289593117577689 0.6858164923531669 0.1472386462347848 0.21949529647827148
1 0.43408216748918804 0.31244969367980957 0.34394768306187223 0.17793330124446324
1 0.1362946970122201 0.5653907912118095 0.2702011891773769 0.12966070856366838
1 0.7786260332380023 0.21057588713509695 0.35023253304617746 0.3027240889413016
1 0.17560953753335135 0.3839012554713658 0.15432350976126535 0.09427234104701451