1 0.7197390965053013 0.3815094402858189 0.21930088315691268 0.4195046084267752
1 0.8475587027413505 0.23989047322954452 0.18655851909092494 0.47978094645908903
1 0.5190812860216413 0.2804321050643921 0.20090368815830775 0.5510321004050118
1 0.38517989431108746 0.23583013670785086 0.19608981268746511 0.4716602734157017
1 0.2485637835093907 0.3743100506918771 0.4947119780949184 0.43747336523873465
1 0.4965934753417969 0.4966505936213902 0.9846111025129046 0.9933011872427804
1 0.14845701626368932 0.08266265051705497 0.29549271719796316 0.16505302701677596
1 0.09566737072808403 0.46491881779261995 0.19133474145616805 0.31050450461251394
1 0.7435720988682338 0.1149231025150844 0.16138723918369838 0.2298462050301688
1 0.6253025191170829 0.08789509534835815 0.11257937976292201 0.1750112431389945
1 0.8050746917724609 0.0481613108089992 0.15919017791748047 0.0963226216179984