0 0.5183215141296387 0.3432699612208775 0.228224515914917 0.6567498615809849
0 0.7284439631870815 0.3843546594892229 0.23389244079589844 0.7277596337454659
0 0.9708858217511859 0.36573195457458496 0.057275635855538506 0.34667995997837614
0 0.8815223148890904 0.10501167603901454 0.23553459984915598 0.20967011792319162
0 0.41886377334594727 0.5607506207057408 0.7145019258771624 0.5022205284663609
0 0.8951478004455566 0.5209787232535226 0.20970439910888672 0.4411320005144392
0 0.5091184207371303 0.4873722961970738 0.895460946219308 0.7028979573931012
0 0.49256716455732075 0.6115106173924038 0.8632486207144601 0.6009582792009626
0 0.8092595509120396 0.17117301055363246 0.35503802980695454 0.339219263621739
0 0.5577810151236398 0.5458611420222691 0.8809170041765485 0.9048707825796944
0 0.5790588515145438 0.8171093804495675 0.5776545660836356 0.3641787937709263
0 0.2200265611921038 0.6988274710518974 0.2444390058517456 0.3482292039053781
