0 0.4138457775115967 0.6884899139404297 0.17114973068237305 0.2599183831896101
0 0.7035940034048898 0.4482799938746861 0.5912599563598633 0.5545370919363839
0 0.158225417137146 0.7117129734584263 0.316450834274292 0.15544053486415318
0 0.48138720648629324 0.14794000557490758 0.40496672902788433 0.19197188104901994
0 0.7940457207815987 0.22632408142089844 0.34151322501046316 0.1361856460571289
0 0.7316577093941825 0.10336181947163173 0.22652006149291992 0.20672363894326345
0 0.2811601161956787 0.5344883373805455 0.15975218159811838 0.42449923924037386
0 0.12387886217662267 0.5027665410723005 0.24696930817195348 0.14087704249790736
0 0.15388344015393937 0.3142894336155483 0.15962587084089006 0.10207452092851911
0 0.11380770376750401 0.40809202194213867 0.22755665438515799 0.10202598571777344
0 0.1711010081427438 0.6294504574366978 0.1285655583654131 0.1343238013131278
0 0.28157423223767963 0.3866394247327532 0.1335205010005406 0.25412390913282124
0 0.852886472429548 0.3387635775974819 0.19836691447666713 0.1317721435001918
0 0.48327170099530903 0.12126196282250541 0.4146659714835031 0.11377428259168353
0 0.060650565794536045 0.5878527505057198 0.12130113158907209 0.08703838075910296
0 0.8128414154052734 0.048933327198028564 0.2621227673121861 0.09786665439605713
0 0.41556644439697266 0.3671331746237619 0.15292528697422572 0.40754965373447966
0 0.12398311070033483 0.4949549947466169 0.24732984815325057 0.27629031453813824
0 0.9250387464250837 0.44798476355416433 0.1499225071498326 0.11647731917245048
