1 0.39186716079711914 0.41184905597141813 0.26694553239004953 0.48554509026663645
1 0.6211271967206683 0.620340279170445 0.25961450168064665 0.12507942744663783
1 0.4486449105398996 0.5102056435176304 0.31850763729640413 0.3803039959498814
1 0.5473501001085553 0.1405156765665327 0.14227846690586635 0.2800134079796927
1 0.189342839377267 0.3246810095650809 0.2928272656032017 0.14497814859662736
1 0.5441066196986607 0.7082202093941825 0.2010838644845145 0.1405940055847168
1 0.30710305486406597 0.12525524411882674 0.14677115849086217 0.25043143544878277
1 0.18507558958871023 0.5981401715959821 0.23818377086094447 0.4245220252445766
1 0.2329543318067278 0.1936782087598528 0.26102168219430105 0.29594618933541433
1 0.6612013408115932 0.24559063570840017 0.12292671203613281 0.43121252741132465
1 0.4358788899012974 0.09593289239065987 0.1405385902949742 0.19041378157479422
1 0.02193825159754072 0.1376005240849086 0.04374035767146519 0.12787259476525442
1 0.24091800621577672 0.5985769544328962 0.12427585465567452 0.42249604633876253
1 0.3820876053401402 0.5685415949140277 0.7547711644853864 0.7594434193202427
1 0.2175936358315604 0.8855225699288505 0.18171637398856028 0.21982213429042272
1 0.10400497913360596 0.6687594822474888 0.20800995826721191 0.2469198363167899