0 0.7223990304129464 0.16752525738307408 0.23413562774658203 0.2207869291305542
0 0.16749663012368338 0.7629998070853097 0.3338735784803118 0.1571978841509138
0 0.6176040513174874 0.6358160972595215 0.7608017240251813 0.40762083871023996
0 0.786360604422433 0.2975212846483503 0.3374605178833008 0.130900434085301
0 0.4285212244306292 0.759713854108538 0.16667022023882186 0.21567228862217494
0 0.48910181862967356 0.24376067093440465 0.3872479030064174 0.2187483310699463
0 0.6174475806100028 0.5104098320007324 0.7651048387799945 0.6528006962367466
0 0.12307681356157575 0.47780888421194895 0.2461536271231515 0.10394562993730817
0 0.4122273921966553 0.36928892135620117 0.11395645141601562 0.18506503105163574
0 0.5052456855773926 0.2011254174368722 0.36192103794642855 0.11614126818520683
0 0.5416671548570905 0.5453877789633614 0.9153746877397809 0.909224442073277
0 0.3016442230769566 0.3994809559413365 0.1273869616644723 0.131943907056536
0 0.38404042380196707 0.3115643092564174 0.46664442334856304 0.1842606919152396
0 0.177740216255188 0.38432625361851286 0.15268492698669434 0.09381934574672154
0 0.5085416180746896 0.09163429055895124 0.8749394416809082 0.18291398457118443
