1 0.7425199236188617 0.7606706619262695 0.41563660757882254 0.29829250063214985
1 0.17400050163269043 0.7596650804792132 0.17577436992100307 0.48057801382882254
1 0.10667623792375837 0.4687349115099226 0.16362271990094865 0.27273920604160856
1 0.5288807324000767 0.788865293775286 0.27890491485595703 0.4181292397635324
1 0.4499856744493757 0.4620898451123919 0.4018800599234445 0.44539976119995117
1 0.4565981456211635 0.5979846545628139 0.42186192103794645 0.4549927370888846
1 0.7879766736711774 0.45547097069876535 0.33511713572910856 0.4689570495060512
1 0.3323905808585031 0.9014975684029716 0.15866211482456752 0.18451425007411412
1 0.31035917145865305 0.18761507102421351 0.6056323051452637 0.2124675682612828
1 0.2342087541307722 0.4599393435886928 0.18185280050550187 0.46343541145324707
1 0.5713178089686802 0.5000860009874616 0.7507519040788923 0.9353130204336983
1 0.3441958427429199 0.37695779119219097 0.11874159744807652 0.24331065586635045
1 0.7821937288556781 0.5143297059195382 0.24588489532470703 0.37397306306021555