1 0.15050034863608225 0.7138396671840123 0.3010006972721645 0.14386047635759627
1 0.6912482806614467 0.10351125683103289 0.23161820002964564 0.20702251366206578
1 0.44978359767368864 0.1786763838359288 0.38445050375802176 0.21974037374768937
1 0.759883063180106 0.22904297283717565 0.3406639780317034 0.12973528248923166
1 0.399630035672869 0.6834745407104492 0.16578456333705358 0.24858168193272182
1 0.3472470896584647 0.2507019213267735 0.4887425899505615 0.17851471900939941
1 0.11704966851643153 0.5105846949986049 0.23340724195752824 0.13413371358598983
1 0.26793977192470003 0.5481477464948382 0.1531188998903547 0.39402760778154644
1 0.11064654588699341 0.420936039515904 0.22067773342132568 0.09933849743434361
1 0.058906733989715576 0.596299307686942 0.11781346797943115 0.0837076050894601
1 0.16449974264417375 0.6324060985020229 0.1250224368912833 0.1288818291255406
1 0.39321729115077425 0.38764183861868723 0.14975966726030623 0.37976390974862234
1 0.14072622571672713 0.3288449559892927 0.1511877945491246 0.09735683032444545
1 0.7678936549595424 0.05416521855763027 0.2865291322980608 0.10833043711526054
1 0.2628047466278076 0.39285172734941753 0.1264192717415946 0.23765075206756592
1 0.4168919835771833 0.2536137104034424 0.3326199395315988 0.17074297155652726
1 0.8184394836425781 0.33699229785374235 0.19080700193132674 0.1284651756286621
1 0.4615213189806257 0.1368341871670314 0.386749335697719 0.11818441322871617
1 0.8785005296979632 0.44321795872279574 0.2070018904549735 0.11776893479483468