1 0.7090936388288226 0.38822013991219656 0.21541445595877512 0.4301909719194685
1 0.8426039559500558 0.24305600779397146 0.19333853040422713 0.4861120155879429
1 0.5088060923985073 0.2794798271996634 0.2044524805886405 0.5546495233263288
1 0.3802578789847238 0.23746688025338308 0.19649362564086914 0.47493376050676617
1 0.24364890371050155 0.36951582772391184 0.4872978074210031 0.4613280977521624
1 0.0900862557547433 0.4609238420213972 0.1801725115094866 0.3134134156363351
1 0.1445892027446202 0.07939801897321429 0.28752330371311735 0.15832035882132395
1 0.4690497262137277 0.4995501382010324 0.9199117933000837 0.9991002764020648
1 0.7370410646711077 0.11505124398640224 0.16854619979858398 0.23010248797280447
1 0.6217842102050781 0.0903410656111581 0.11248186656406947 0.18040505477360316
1 0.37193775177001953 0.6873111043657575 0.47475664956229074 0.5377093383244106