1 0.6128931726728167 0.6022422654288155 0.7742135865347726 0.4443202699933733
1 0.7011523927961077 0.1667477743966239 0.24537719999040877 0.22861523287636892
1 0.7679781232561383 0.2977151189531599 0.3380648749215262 0.13133324895586287
1 0.467792238507952 0.24535259178706578 0.39094505991254536 0.221897976739066
1 0.15673204830714635 0.7721954073224749 0.3134640966142927 0.16336897441319057
1 0.40765884944370817 0.7498593330383301 0.17101468358721053 0.25719165802001953
1 0.5900624820164272 0.5360114915030343 0.8174866267613002 0.8526311601911273
1 0.2700155121939523 0.6818430764334542 0.15470504760742188 0.23475820677621023
1 0.11388549634388515 0.4781761169433594 0.22759790079934256 0.10304890360151019
1 0.5113177640097482 0.08952740260532924 0.9236878667558942 0.17883763994489396
1 0.4574806009020124 0.19956977026803152 0.42101608003888813 0.1184837988444737
1 0.12617220197405135 0.5709452629089355 0.24993896484375 0.13579862458365305
1 0.8910954339163644 0.4942662375313895 0.21171106610979354 0.10460121291024345