1 0.6764436449323382 0.573833738054548 0.6471127101353237 0.3284576279776437
1 0.4841436317988804 0.212896500314985 0.4094580922807966 0.23352817126682826
1 0.7325431278773716 0.13318011590412684 0.2477132933480399 0.2391329322542463
1 0.16041997500828334 0.7799162864685059 0.3208399500165667 0.1677837371826172
1 0.8023663929530552 0.27034776551382883 0.36641686303274973 0.13824505465371267
1 0.12589122567858016 0.563004629952567 0.2507678440638951 0.14811389786856516
1 0.42010695593697683 0.7516356876918248 0.18232430730547225 0.2755071776253836
1 0.11414593458175659 0.463383538382394 0.2271181685583932 0.10663928304399763
1 0.14552794184003556 0.3677285058157785 0.16757161276681082 0.10226811681474958
1 0.2791366917746408 0.4406886100769043 0.13719287940434047 0.26061010360717773
1 0.27844485214778353 0.5925376755850655 0.16711504118783133 0.4469555105481829
1 0.3699276787894113 0.2834362132208688 0.5057826723371234 0.18986242158072336