1 0.727802004132952 0.1496166672025408 0.2289463451930455 0.21814680099487305
1 0.17119503021240234 0.7408414568219867 0.3416290964399065 0.14385550362723215
1 0.5792789459228516 0.5101909637451172 0.7508838517325265 0.49990313393729074
1 0.482546329498291 0.22676164763314383 0.3534570762089321 0.22216580595288957
1 0.7882531029837472 0.2782937969480242 0.3353304181780134 0.12836636815752303
1 0.14111905438559397 0.5441169738769531 0.28108532088143484 0.1295646939958845
1 0.13007869039263045 0.45971604755946566 0.2601573807852609 0.1057046822139195
1 0.07798079933438982 0.6267215183803013 0.1555361236844744 0.0940394401550293
1 0.5712080342429025 0.5809132031032017 0.819070747920445 0.7571181569780622
1 0.22544474261147635 0.2864431313105992 0.13982817104884557 0.07958546706608363
1 0.5232806205749512 0.18728433336530412 0.3305638177054269 0.11824159962790352
1 0.4338827133178711 0.7169708524431501 0.16512458665030344 0.24797800609043666
1 0.5166264602116176 0.47303894587925505 0.9461210114615304 0.777364867074149