0 0.5616681235177177 0.15793020384652273 0.38410673822675434 0.268992475100926
0 0.635955946786063 0.4363320214407785 0.2749427386692592 0.5014653887067523
0 0.7941816874912807 0.11621880531311035 0.2076282501220703 0.2324376106262207
0 0.6233259609767369 0.7543585641043526 0.5743646621704102 0.16621201378958567
0 0.16649104867662703 0.3690364020211356 0.33081228392464773 0.13289059911455428
0 0.830890246800014 0.24846846716744558 0.33821957451956614 0.1389261143548148
0 0.423513548714774 0.20235364777701242 0.16645009177071707 0.15388364451272146
0 0.21426658970969065 0.2470195974622454 0.31134813172476633 0.1529456547328404
0 0.2369487455912999 0.6100190707615444 0.29360079765319824 0.24812122753688268
0 0.48717308044433594 0.4834700311933245 0.22080581528799875 0.440605674471174
0 0.3529782295227051 0.4339170115334647 0.07559374400547572 0.33606576919555664
0 0.27441825185503277 0.5133172103336879 0.10626813343593053 0.19438859394618443
0 0.8653665270124163 0.5196950095040458 0.2087775639125279 0.3649402345929827
0 0.12443548440933228 0.4570098604474749 0.24887096881866455 0.10362587656293597
0 0.5571558816092355 0.04089933208056858 0.3177616936819894 0.08179866416113717
0 0.866232054574149 0.07221080575670515 0.26753595897129606 0.1444216115134103
0 0.5012858254568917 0.4993821212223598 0.9807650702340263 0.8940020288739886
