0 0.7183188710893903 0.16760916369301931 0.236461911882673 0.2203350407736642
0 0.16476942811693465 0.7630468096051898 0.3295388562338693 0.15696518761771067
0 0.6306682995387486 0.6019524165562221 0.7386634009225028 0.4216041224343436
0 0.48690720966884066 0.2428575243268694 0.3894758565085275 0.21888957704816545
0 0.7853146961757115 0.2959963934762137 0.337291990007673 0.12909926686968123
0 0.42431892667497906 0.7379529135567802 0.16593429020472936 0.2525722639901297
0 0.6010565757751465 0.526233468736921 0.797886848449707 0.869645527430943
0 0.4976991244724819 0.19991115161350795 0.3682467596871512 0.11479478222983223
0 0.12547485317502702 0.4777655942099435 0.25094970635005404 0.10168123245239258
0 0.43678607259477886 0.31341399465288433 0.3405538967677525 0.18074234894343785
0 0.7763907568795341 0.21043222291128977 0.34892777034214567 0.3026012693132673
