0 0.4920565060206822 0.17157328128814697 0.42552253178187777 0.24123331478663854
0 0.7449611936296735 0.10820884363991874 0.249497617994036 0.21641768727983748
0 0.1583263533455985 0.7373981475830078 0.316652706691197 0.1809703963143485
0 0.6885888917105538 0.5447666985648019 0.6089064734322684 0.3819890703473772
0 0.8115114484514508 0.2323314802987235 0.3641845839364188 0.14907400948660715
0 0.4170319693429129 0.7179125377110073 0.1848491600581578 0.27915702547345844
0 0.12610077857971191 0.5203842435564313 0.2510011536734445 0.147510256086077
0 0.8283916200910296 0.053395829030445645 0.266207150050572 0.10679165806089129
0 0.11224539790834699 0.4172043800354004 0.22438146386827743 0.10230875015258789
0 0.14457273483276367 0.3216484614780971 0.17487457820347377 0.10049753529684884
0 0.2732938017163958 0.533374547958374 0.17211185182843888 0.4807769911629813
0 0.27967677797589985 0.39837731633867535 0.14387949875422887 0.2656301259994507
