1 0.8120551790509906 0.12755686896187918 0.34734344482421875 0.1313404611178807
1 0.5761209896632603 0.24175104073115758 0.44005240712847027 0.4801506655556815
1 0.6581733567374093 0.5316507475716727 0.6732696805681501 0.28579837935311453
1 0.4408149719238281 0.3336566856929234 0.3207316058022635 0.45132902690342497
1 0.3121092660086496 0.6400162151881627 0.4752576691763742 0.25459357670375277
1 0.14849567413330078 0.23623837743486678 0.29699134826660156 0.15751770564488002
1 0.6486661774771554 0.46546506881713867 0.6901813234601702 0.4181306021554129
1 0.943943841116769 0.3409571647644043 0.11117478779384068 0.13760127340044295
1 0.14053242547171457 0.3778435162135533 0.27905270031520296 0.15191102027893066
1 0.527160780770438 0.27726038864680697 0.5513695308140346 0.5545207772936139
1 0.25852833475385395 0.5109245436532157 0.11570789132799421 0.21745317322867258