1 0.5675214358738491 0.16010958807809011 0.3804049151284354 0.26033553055354525
1 0.6362064906529018 0.42285919189453125 0.28843133790152414 0.4988292966570173
1 0.49322240693228586 0.4719878946031843 0.22586842945643834 0.4395377976553781
1 0.1752523694719587 0.3744806562151228 0.336942332131522 0.1314173766544887
1 0.796525137765067 0.11444761071886335 0.21551602227347239 0.2288952214377267
1 0.4266258989061628 0.2066852024623326 0.15846633911132812 0.15236445835658483
1 0.6297860826764788 0.7348023142133441 0.5933762277875628 0.1724557876586914
1 0.8384731837681362 0.24433493614196777 0.3230536324637277 0.13744219711848668
1 0.8768895012991769 0.5143739836556571 0.21004159109933035 0.36431826863970074
1 0.13176877158028738 0.46776628494262695 0.26353754316057476 0.10417233194623675
1 0.22356208733149938 0.25327159677233013 0.3100449357713972 0.15096783638000488
1 0.9247870445251465 0.47462596212114605 0.15042591094970703 0.11640596389770508
1 0.2853707756314959 0.5187317984444755 0.10407485280718122 0.19351635660443986
1 0.3628180367606027 0.42701264790126253 0.07514752660478864 0.3585563727787563
1 0.252300637108939 0.6157354627336774 0.3023824691772461 0.2441622189113072
1 0.5434365953717913 0.5708758149828229 0.8886676515851702 0.7723682267325265
1 0.8691059521266392 0.06790954726082939 0.2617880957467215 0.13581909452165877
1 0.5425899709974017 0.7421939713614327 0.8920355524335589 0.5117088045392718