0 0.5531529358455113 0.15522214344569615 0.38527958733694895 0.26607745034354074
0 0.617544446672712 0.4165428025381906 0.2793142114366804 0.5017313276018415
0 0.7829232897077288 0.11281365156173706 0.2136188234601702 0.22562730312347412
0 0.47365059171404156 0.4719206265040806 0.22120676721845353 0.43293901852199007
0 0.8292100770132882 0.24285668986184256 0.340914181300572 0.13871564183916366
0 0.16302972180502756 0.37214531217302593 0.3232988289424351 0.13159472601754324
0 0.8643098558698382 0.06663551075117928 0.27076332909720285 0.13327102150235856
0 0.20959539072854177 0.2484006541115897 0.30834596497671946 0.15458754130772182
0 0.8684170586722237 0.5210253851754325 0.2218984876360212 0.3511676788330078
0 0.5625238759177071 0.7287225723266602 0.6711832455226353 0.16920464379446848
0 0.2724986416952951 0.5156943457467216 0.10465531689780098 0.191310031073434
0 0.12863542352403914 0.463799136025565 0.2572708470480783 0.10547351837158203
0 0.3494631903512137 0.4292154993329729 0.07489861760820661 0.3468233176640102
0 0.49892609460013254 0.03398771158286503 0.378549439566476 0.06795059357370649
