0 0.6552144459315709 0.5689287866864886 0.6895711081368583 0.29541148458208355
0 0.49799459321158274 0.18387910297938756 0.42470230375017437 0.2419238771711077
0 0.1611501829964774 0.7555108751569476 0.3223003659929548 0.1723478181021554
0 0.42386763436453684 0.7356023107256208 0.18444691385541642 0.27514730181012836
0 0.8188142776489258 0.24600039209638322 0.36165809631347656 0.14124153341565812
0 0.750378063746861 0.11460530757904053 0.2473886353628976 0.22921061515808105
0 0.1285893406186785 0.5363215718950544 0.25651706968035015 0.15077958788190568
0 0.11433076858520508 0.4328439576285226 0.22866153717041016 0.10736884389604841
0 0.411731345312936 0.25726611273629324 0.43419953754970003 0.1999718121119908
0 0.8230428695678711 0.0587672804083143 0.28333922794886995 0.11711356469563075
0 0.46266630717686247 0.04187171374048505 0.3623591491154262 0.0837434274809701
0 0.4108330862862723 0.31006976536342074 0.1340910026005336 0.2588054963520595
0 0.8672695159912109 0.5738999502999442 0.2647216660635812 0.8466144289289202
