0 0.328855071749006 0.6150334221976144 0.5275845527648926 0.30424768584115164
0 0.7166437421526227 0.7692020961216518 0.5115082604544503 0.39564153126307894
0 0.28192264693123953 0.8110486439296177 0.5267874853951591 0.28975275584629606
0 0.3626495088849749 0.24492597579956055 0.6332879747663226 0.4898519515991211
0 0.509049688066755 0.9681241171700614 0.45251478467668804 0.0628345353262765
0 0.48280787467956543 0.7759683472769601 0.9469757761274066 0.442429712840489
0 0.7647501400538853 0.3896083150591169 0.40093895367213656 0.44075216565813335
0 0.489478383745466 0.4970512390136719 0.9758655003138951 0.9929166521344867
0 0.3247988905225481 0.5197209290095738 0.5483077594212123 0.5064327376229423
0 0.04437907678740365 0.7429866790771484 0.0887581535748073 0.43815670694623676
