1 0.7637967382158551 0.7398365565708706 0.471595082964216 0.4104253905160086
1 0.07007189733641488 0.7717838968549456 0.13990985495703562 0.4506383623395647
1 0.3504018102373396 0.7947449002947126 0.5185187544141497 0.3188203402927944
1 0.38132994515555246 0.6126091820853097 0.5100634438650948 0.3416585922241211
1 0.15322814668927873 0.4436108384813581 0.3064469609941755 0.3300600733075823
1 0.578273091997419 0.964381354195731 0.43727435384477886 0.07012673786708287
1 0.4988851547241211 0.49905296734401156 0.9915281023297992 0.9957130295889718
1 0.35489395686558317 0.45350708280290875 0.1671452181679862 0.27692716462271555
1 0.5037521975381034 0.7125770705086845 0.9552686555044991 0.5545355592455182
1 0.3863670825958252 0.2361795221056257 0.6151012011936733 0.46074165616716656
1 0.16164840970720565 0.5078273500714984 0.3047786440168108 0.45845913887023926
1 0.8519892011369977 0.8024165970938546 0.29527453013828825 0.39376940046037945