0 0.13837206363677979 0.7209864343915667 0.27498388290405273 0.1412531988961356
0 0.4189936774117606 0.16664985248020717 0.40064583505902973 0.2158001491001674
0 0.3189241204942976 0.23960099901471818 0.48553851672581266 0.17286169528961182
0 0.6637294633047921 0.09830785649163383 0.23456781251089914 0.19661571298326766
0 0.2335398026875087 0.5196598597935268 0.1520176955631801 0.4511995315551758
0 0.1057234491620745 0.5114472252982003 0.21062578473772323 0.1393578393118722
0 0.09182414838245936 0.4164793831961496 0.1830494233540126 0.09620380401611328
0 0.7256473132542202 0.21774605342320033 0.35345550945826937 0.1282078879220145
0 0.35732855115618023 0.3778653826032366 0.15422299930027553 0.3809288569859096
0 0.37145975657871794 0.6852079119001117 0.17180136271885463 0.2501838888440813
0 0.10594281128474645 0.3264942169189453 0.15268635749816895 0.0986480712890625
0 0.1299648880958557 0.633753844669887 0.12705825056348527 0.13224734578813827
0 0.10517107588904244 0.5001202651432582 0.2099989652633667 0.26046882356916157
0 0.7935289655412946 0.721858024597168 0.41212102345057894 0.552180460521153
0 0.44483624185834614 0.12379274197987147 0.35663366317749023 0.11876601832253593
