0 0.6077181952340263 0.8196122305733817 0.5615803173610142 0.17038570131574357
0 0.5784273147583008 0.16305582863943918 0.3726714679173061 0.2719312906265259
0 0.645000866481236 0.4998532703944615 0.22952229636056082 0.4989103930337088
0 0.49925994873046875 0.5304080758775983 0.1859304223741804 0.432281562260219
0 0.8087468147277832 0.13526730026517594 0.1967731203351702 0.24906071594783238
0 0.23352755819048202 0.6088002749851772 0.29467003686087473 0.2627843788691929
0 0.8547812870570591 0.5463159424918038 0.18556669780186244 0.3746944155011858
0 0.17172505174364364 0.3648745673043387 0.33577609062194824 0.13504757199968612
0 0.4020805358886719 0.6203455924987793 0.087874208177839 0.2500964914049421
0 0.1275869607925415 0.444310052054269 0.255173921585083 0.1019989081791469
0 0.3726467064448765 0.42172602244785856 0.10868031638009208 0.3499115194593157
0 0.8361860002790179 0.27041748591831755 0.3276279994419643 0.1448733295713152
0 0.2294621126992362 0.24835438387734549 0.3100825718470982 0.15160673005240305
0 0.2738683223724365 0.5113084656851632 0.10465070179530553 0.19063421658107213
0 0.8594529288155692 0.08501416444778442 0.2810942104884556 0.16974311215536936
0 0.9181156158447266 0.5062695230756488 0.16341243471418107 0.11379851613725935
0 0.7306285585675921 0.3678027221134731 0.15515593120029994 0.11607837677001953
0 0.4773072174617222 0.21349428381238664 0.24177462714059011 0.16856680597577775
