0 0.6074543680463519 0.8173589706420898 0.5556363718850272 0.16705662863595144
0 0.5729791096278599 0.16415442739214217 0.36110074179513113 0.2700963020324707
0 0.6423775809151786 0.4984978607722691 0.23096932683672225 0.4996908051627023
0 0.4951357841491699 0.5266763823372977 0.18818163871765137 0.4317823478153774
0 0.805872985294887 0.13538457666124618 0.19693006787981307 0.2465944630759103
0 0.23143693378993443 0.6083436012268066 0.2942328453063965 0.2623912606920515
0 0.8349371637616839 0.2703406129564558 0.33012567247663227 0.1436636277607509
0 0.1696711438042777 0.36553975514003206 0.3314765862056187 0.13493977274213517
0 0.4010633741106306 0.6197487967354911 0.09153965541294642 0.24730948039463588
0 0.8534417152404785 0.5514504568917411 0.1868100847516741 0.3697099345070975
0 0.22780966758728027 0.25132509640284945 0.3102107048034668 0.14529233319418772
0 0.12629017659596034 0.444939340863909 0.2525803531919207 0.1023761544908796
0 0.37057914052690777 0.420107296534947 0.1126408576965332 0.3481101989746094
0 0.27260848454066683 0.5119717461722237 0.10618243898664202 0.18591022491455078
0 0.47101456778390066 0.2143820183617728 0.23733605657305037 0.16959636551993235
0 0.9174886431012835 0.5045408180781773 0.16449431010654994 0.11503008433750697
0 0.7295077187674386 0.3679468972342355 0.15526539938790457 0.11610937118530273
