1 0.2670270545142038 0.5917878150939941 0.11131957599094935 0.41335814339773996
1 0.40881800651550293 0.41258532660348074 0.25615644454956055 0.4611185278211321
1 0.6297101293291364 0.6139910561697823 0.2563236781529018 0.12604342188153947
1 0.46127203532627653 0.5029119764055524 0.3140005384172712 0.36686812128339497
1 0.11209933246885027 0.6587096623011998 0.22419866493770055 0.23658932958330428
1 0.5538207462855748 0.6969959395272392 0.19361485753740584 0.13696575164794922
1 0.5580582618713379 0.14056952510561263 0.14524599484034947 0.2807072401046753
1 0.3234039374760219 0.12583455869129725 0.14659123761313303 0.2516691173825945
1 0.23360671315874373 0.8808588981628418 0.1807525498526437 0.23553848266601562
1 0.21109517983027867 0.3211879049028669 0.2936159202030727 0.14414964403424943
1 0.1630373171397618 0.5848420006888253 0.32440693037850515 0.40769403321402414
1 0.25301831109183176 0.19049698965890066 0.2541365453175136 0.2999600682939802
1 0.6689263752528599 0.23831583772386825 0.12056616374424525 0.40981732095990864
1 0.16167863777705602 0.44269139426095144 0.11461314984730311 0.15344490323747909