1 0.6922869682312012 0.1979656219482422 0.3909740447998047 0.20612405027662004
1 0.908940315246582 0.16196181092943465 0.1811950547354562 0.23977245603288924
1 0.8436145782470703 0.5366223199026925 0.31141206196376253 0.5535508564540318
1 0.6833690234592983 0.5799194063459124 0.2715527670724051 0.49653676577976774
1 0.5780969347272601 0.6803230558122907 0.16361655507768905 0.3136098725455148
1 0.7658655984061105 0.897841249193464 0.468268803187779 0.18825571877615793
1 0.5868566376822335 0.2845737934112549 0.23979432242257254 0.17910928385598318
1 0.2986944743565151 0.44521938051496235 0.33335232734680176 0.13240245410374232
1 0.3451940672738211 0.32209335054670063 0.3116935321262905 0.1465726920536586
1 0.9136378424508231 0.30224636622837614 0.17272438321794784 0.13677195140293666
1 0.38458125931876047 0.6981085368565151 0.32087721143450054 0.2699520247323172
1 0.2491257361003331 0.5352587018694196 0.26146136011396137 0.103006226675851
1 0.49649524688720703 0.49802582604544504 0.09666882242475237 0.367530141557966
1 0.5809497833251953 0.5250105857849121 0.8345800808497837 0.9352613176618304
1 0.40974671500069754 0.5910560744149345 0.10708233288356236 0.19620326587132045
1 0.5277864251817975 0.5428762776511056 0.8242124148777553 0.627049377986363