0 0.08772322109767369 0.5966146332877023 0.17544644219534739 0.3460698808942522
0 0.33764972005571636 0.6264786039079938 0.1525106430053711 0.43161031178065706
0 0.1512946401323591 0.8735788209097726 0.2711691345487322 0.2517181124005999
0 0.24285454409463064 0.7636066164289202 0.2873491219111851 0.40298659460885183
0 0.6899472645350865 0.3223776136125837 0.21340622220720565 0.15499447073255265
0 0.47409037181309294 0.6428422246660505 0.14171525410243443 0.43562207903180805
0 0.6574106216430664 0.7331451007298061 0.2454681396484375 0.5285380567823138
0 0.1920210293361119 0.4392645018441336 0.19262095860072545 0.36944975171770367
0 0.49282210213797434 0.3766583033970424 0.2715557643345424 0.1447514465876988
0 0.629683222089495 0.25560879707336426 0.20785389627729142 0.20766852583203996
0 0.4182610171181815 0.2569923400878906 0.3568961960928781 0.13475676945277623
0 0.5493998527526855 0.15406720978873117 0.18253707885742188 0.1387523583003453
0 0.3166585990360805 0.34322220938546316 0.17709638391222274 0.1297663620540074
0 0.2925669125148228 0.19560321739741734 0.3664417266845703 0.12740764447620936
0 0.3068423271179199 0.14923979554857528 0.4029163292476109 0.2202205147062029
0 0.07952114513942174 0.4057868548801967 0.1159765464918954 0.10437124116080147
0 0.7812708445957729 0.43798913274492535 0.14115170070103236 0.16842876161847795
0 0.15060200010027205 0.10771772691181727 0.17292215142931258 0.15975207941872732
0 0.8349090303693499 0.5685420717511859 0.15637670244489396 0.15103949819292342
0 0.46845579147338867 0.4971722534724644 0.9317308153424945 0.989476135798863
0 0.025761936392102922 0.5377472128186908 0.05133950710296631 0.24280554907662527
0 0.4393173967088972 0.929164069039481 0.23818343026297434 0.1407806532723563
0 0.7275308881487165 0.8346271514892578 0.15397085462297713 0.3284555162702288
