0 0.2604080098015921 0.20228498322623117 0.5208160196031842 0.18197194167545863
0 0.20237219333648682 0.7957030705043248 0.2373973642076765 0.4079950196402414
0 0.43085622787475586 0.45936189379010883 0.3458700180053711 0.5561369827815464
0 0.5999980654035296 0.7686914716448102 0.22902699879237584 0.46250091280256
0 0.45934057235717773 0.583280086517334 0.3754983629499163 0.59239319392613
0 0.06947330917630877 0.5593543733869281 0.1388606514249529 0.302452632359096
0 0.812962463923863 0.6878484317234584 0.374075072152274 0.4369891371045794
0 0.7532518931797573 0.3188481330871582 0.26042468207223074 0.41475789887564524
0 0.16846179962158203 0.5167648451668876 0.25773511614118305 0.5249754701341901
0 0.40887015206473215 0.9227395738874163 0.18737343379429408 0.1538001469203404
0 0.7772581917898995 0.43757857595171246 0.18766403198242188 0.40377323968069895
0 0.26098363740103586 0.4009463105882917 0.12474310398101807 0.23681318759918213
0 0.5182527133396694 0.5425589425223214 0.9608433587210519 0.8896910803658622
