1 0.2900945799691336 0.42462968826293945 0.33393733842032297 0.13677195140293666
1 0.9074649810791016 0.1150202921458653 0.1843414306640625 0.2300405842917306
1 0.7314278738839286 0.40561226436070036 0.5371442862919399 0.7459997449602399
1 0.2472254889351981 0.5255547932216099 0.27158961977277485 0.1047675609588623
1 0.33635854721069336 0.29882144927978516 0.31294972555977957 0.14914303166525705
1 0.5893363952636719 0.6313393456595284 0.18213670594351633 0.2507781982421875
1 0.5765574319022042 0.5015923636300224 0.8438335146222796 0.9102181025913784
1 0.3899195875440325 0.6742739677429199 0.3385846274239676 0.2570539542606899
1 0.6827946390424456 0.42685842514038086 0.4371465614863804 0.618133408682687
1 0.490490334374564 0.5250027520315987 0.775322709764753 0.693394388471331
1 0.6106781278337751 0.25124829156058176 0.307164124080113 0.17574117864881242
1 0.6027130399431501 0.7274515288216727 0.7945739201136998 0.4417494365147182
1 0.9222709110804966 0.05711140377180917 0.15471996579851424 0.11422280754361834
1 0.4936315672738211 0.47258029665265766 0.09937201227460589 0.37461631638663156