1 0.16468400614602224 0.6599328858511788 0.30688064438956125 0.48053223746163504
1 0.2958982672010149 0.5101851735796247 0.16921334607260569 0.4933290481567383
1 0.4484629971640451 0.5440848554883685 0.13307884761265346 0.4536371912275042
1 0.6382604326520648 0.6814946447099958 0.2611978735242571 0.5764367239815849
1 0.2679720435823713 0.0480776173727853 0.45776050431387766 0.09581162248338972
1 0.1373231155531747 0.29327716146196636 0.1926978485924857 0.44624444416591097
1 0.6732886859348842 0.23279728208269393 0.2248687403542655 0.14547686917441233
1 0.05118711931364877 0.4471052714756557 0.10237423862729754 0.38960484095982145
1 0.4015041078839983 0.12527385779789516 0.405681984765189 0.16579100063868932
1 0.8120805195399693 0.5035580226353237 0.13314049584524973 0.15467258862086705
1 0.12523187058312552 0.8207559585571289 0.2500406503677368 0.357602664402553
1 0.035520427993365696 0.25408060210091726 0.07101918544088091 0.11514556407928467
1 0.37769995416913715 0.8867835998535156 0.3023279053824289 0.2255817140851702