0 0.5736682755606515 0.15073534420558385 0.4369772161756243 0.12636148078101023
0 0.26435800961085726 0.5725481850760323 0.2280870165143694 0.2935150010245187
0 0.5996505192347935 0.39368503434317453 0.5166604859488351 0.3683387892586844
0 0.22280687945229666 0.8353330748421806 0.21281232152666366 0.32933385031563894
0 0.8569598879132952 0.14257167066846574 0.20859295981270926 0.20088802065168107
0 0.4470945766993931 0.6603939873831612 0.28194168635777067 0.5626298700060163
0 0.5772072928292411 0.7440442357744489 0.49417093821934294 0.346578700201852
0 0.6003693853105817 0.4393364361354283 0.7449066979544503 0.5922719410487584
0 0.5612813404628209 0.3660661152430943 0.6431268964494977 0.4412167412894113
0 0.6388042994907924 0.30316046306065153 0.1955719334738595 0.1583399772644043
0 0.5569994109017509 0.5086924348558698 0.8540423257010323 0.7557824679783413
0 0.3546250547681536 0.2649191788264683 0.2109154292515346 0.22709344114576066
