0 0.7460731778826032 0.38054425375802176 0.2375314576285226 0.40917669023786274
0 0.8614206995282855 0.23946106433868408 0.1789722442626953 0.47892212867736816
0 0.537332364491054 0.2792187588555472 0.20481879370553152 0.5548576286860875
0 0.25818041392735075 0.3701412337166922 0.5163288116455078 0.4686288833618164
0 0.3919766289847238 0.24527677467891149 0.1964911392756871 0.48880158151899067
0 0.8049562999180385 0.05064949819019863 0.17174713952200754 0.10129899638039726
0 0.9674006870814732 0.17448137487683976 0.06470714296613421 0.3489627497536795
0 0.49022364616394043 0.4959735870361328 0.9804472923278809 0.9919471740722656
0 0.7510185241699219 0.11563285759517125 0.16248171670096262 0.22722489493233816
0 0.15151105608258927 0.09221617664609637 0.30126823697771343 0.1843675034386771
0 0.10591522284916469 0.4959073747907366 0.20774051121303014 0.30963076863970074
0 0.40640006746564594 0.6981555393763951 0.5078117166246686 0.5376595429011753
