0 0.13663065433502197 0.7307100296020508 0.27319134984697613 0.13995858601161412
0 0.4025766849517822 0.17568164212363108 0.4044717379978725 0.2231353691646031
0 0.6481537137712751 0.09831924949373518 0.24025651386805943 0.19663849898747035
0 0.3630670819963728 0.6870226860046387 0.1727485486439296 0.2599965844835554
0 0.7167756898062569 0.2179192134312221 0.341280392238072 0.13027123042515346
0 0.3026027338845389 0.240086487361363 0.482173034123012 0.1668484721864973
0 0.223658629826137 0.5322792189461845 0.15337439945765904 0.4418411595480783
0 0.09858098200389318 0.5058802536555699 0.19703989369528635 0.2586554799761091
0 0.5858774866376605 0.4462024824959891 0.42880940437316895 0.2738396440233503
0 0.08775913715362549 0.42158498082842144 0.17501817430768693 0.09374407359531947
0 0.09814667701721191 0.5401950563703265 0.19629335403442383 0.17844646317618235
0 0.4165100029536656 0.12492026601518903 0.3839853150503976 0.11387303045817784
0 0.47727789197649273 0.5957235608782087 0.26720973423549105 0.09560377257210868
0 0.39392971992492676 0.03787679331643241 0.30687904357910156 0.07575358663286481
0 0.08959634814943586 0.33242658206394743 0.16251991476331437 0.10024539061955043
0 0.12264678307941981 0.6385314805167062 0.12965020111628942 0.1364145278930664
