0 0.7107383864266532 0.1645711830684117 0.2433182852608817 0.2273188659123012
0 0.16419930117470877 0.7694322722298759 0.3256774970463344 0.16559246608189174
0 0.6090104239327567 0.6201426642281669 0.7804990495954242 0.43169747080121723
0 0.7825229508536202 0.2961000033787319 0.33977181570870535 0.1309758254459926
0 0.47184695516313824 0.2436767475945609 0.38012443270002094 0.22236030442374094
0 0.4163433824266706 0.757695061819894 0.170412472316197 0.23390953881399973
0 0.11083318505968366 0.4763145446777344 0.22166637011936732 0.100301912852696
0 0.5493084362574986 0.5415033612932477 0.8985922677176339 0.910186631338937
0 0.2782712834221976 0.6935344423566546 0.1428102425166539 0.20901727676391602
0 0.12542180504117692 0.5671253204345703 0.24897430624280656 0.13368242127554758
0 0.4840854917253767 0.19795358180999756 0.38057994842529297 0.11502423456736974
0 0.42593022755214144 0.31167997632707867 0.35621230942862375 0.17937907150813512
