0 0.46438959666660856 0.3126899514879499 0.309617212840489 0.618737016405378
0 0.6056807381766183 0.7262533732822963 0.7886385917663574 0.24970919745309011
0 0.5550838538578579 0.3146538053240095 0.48942204884120394 0.6255562646048409
0 0.2596779891422817 0.12147447041102818 0.1286254780633109 0.14742868287222727
0 0.33082383019583567 0.5343555722917829 0.1398759228842599 0.1929593426840646
0 0.5095317704336983 0.4875129631587437 0.9752471106392997 0.9750259263174874
0 0.12068359340940203 0.8205475807189941 0.24026398999350412 0.3568864549909319
0 0.15763798781803676 0.5132375104086739 0.1262325985091073 0.22340127399989537
0 0.10027174438749041 0.3403864247458322 0.20050438812800817 0.17660180159977504
0 0.11515147345406669 0.1982502085821969 0.228867769241333 0.1827702862875802
