0 0.5629472051348005 0.5448109763009208 0.45961104120526997 0.2300067969730922
0 0.13808379854474748 0.7257256507873535 0.2753337451389858 0.13482325417654856
0 0.37030775206429617 0.6848968778337751 0.1691913434437343 0.2540057046072824
0 0.4091136796133859 0.17901858261653356 0.3909388610294887 0.22345192091805594
0 0.6517007010323661 0.10073879786900111 0.23927709034511022 0.20147759573800222
0 0.23110791615077428 0.548931530543736 0.1534480197089059 0.40072945186070036
0 0.3102624075753348 0.24774725096566336 0.4792328562055315 0.17022246973855154
0 0.7200701577322823 0.22160863876342773 0.33948755264282227 0.12808752059936523
0 0.09125515392848424 0.4212613105773926 0.1819603783743722 0.09291808945792061
0 0.10390400035040719 0.5172031947544643 0.20688910143715994 0.13714589391435897
0 0.10380568674632482 0.5063023567199707 0.20751304285866873 0.2598353794642857
0 0.10508763790130615 0.33258209909711567 0.15550994873046875 0.09853882449013847
0 0.22422356264931814 0.39635181427001953 0.12228659221104213 0.24372586182185582
0 0.43305843217032297 0.12826614720480783 0.36187614713396343 0.11522371428353446
0 0.13105119977678573 0.6355280194963727 0.12123164960316249 0.13515618869236537
0 0.4428976944514683 0.4995815413338797 0.8368329320635114 0.8372150148664202
0 0.3503551823752267 0.3931136131286621 0.14404002257755824 0.384324244090489
0 0.402064391544887 0.040092957871300836 0.32667793546404156 0.08018591574260167
0 0.8487949371337891 0.4316372871398926 0.21374852316720144 0.11887873922075544
