1 0.6144823346819196 0.3623217855181013 0.5959698813302177 0.4013819694519043
1 0.623093809400286 0.15704771450587682 0.41529386384146555 0.11740202563149589
1 0.6856862476893834 0.3932989665440151 0.44297865458897184 0.3383268288203648
1 0.8951999119349888 0.14665755203792027 0.19696365083966935 0.19258003575461252
1 0.400277955191476 0.5364545413425991 0.3294361318860735 0.34030052593776156
1 0.30594451086861746 0.8282246589660645 0.20629804474966867 0.3435506820678711
1 0.6514494078499931 0.7168444224766323 0.4944838115147182 0.3133600098746164
1 0.5135399614061628 0.6532350267682757 0.25637974057878765 0.546330417905535
1 0.34372047015598844 0.5636066028050014 0.2192742313657488 0.29267736843654085
1 0.5995729991367885 0.7347628729684013 0.7879994256155831 0.528958797454834
1 0.4204427855355399 0.2733544111251831 0.20326610973903111 0.21507784298488072
1 0.6345248903547015 0.5178241048540387 0.7233938489641462 0.7172634942190987