1 0.17694548198154994 0.7268613406590053 0.3538909639630999 0.14797401428222656
1 0.5392453670501709 0.5329092230115619 0.9008957317897252 0.4397491046360561
1 0.7432098388671875 0.12920879466193064 0.23183917999267578 0.22694875512804305
1 0.5037213053022113 0.20799900804247176 0.36927505901881624 0.22197542871747697
1 0.5079599108014788 0.4491967133113316 0.9460822514125279 0.6330068452017648
1 0.4436577388218471 0.717311041695731 0.16265055111476354 0.22533062526157924
1 0.5017822129385812 0.4912969725472586 0.9964355741228376 0.8717723573957171
1 0.39883504595075336 0.27732862745012554 0.4794394629342215 0.18014206205095565
1 0.806575093950544 0.2636959212166922 0.34139060974121094 0.12966232640402658
1 0.2501635892050607 0.3455009460449219 0.26102462836674284 0.10075048037937709
1 0.1419567040034703 0.5272910254342216 0.2839134080069406 0.12988243784223283
1 0.3083471230098179 0.6604698726109096 0.13967398234776088 0.1926917007991246
1 0.5217713969094413 0.16860835892813547 0.3671834809439523 0.12111794948577881
1 0.0867226208959307 0.6074443544660296 0.17334418637411936 0.09569627898080009