0 0.6062096187046596 0.629678589957101 0.784179551260812 0.4181805338178362
0 0.7100260598318917 0.16377147606440953 0.2426161766052246 0.22735788140978133
0 0.16362065928322927 0.7698755264282227 0.3237344537462507 0.16585329600742885
0 0.47143254961286274 0.24365649904523576 0.3876313141414097 0.2231267009462629
0 0.7795029367719378 0.29523277282714844 0.3397688184465681 0.13058262211935862
0 0.5889408929007394 0.5191214425223214 0.8210569109235492 0.7944493974958148
0 0.4148592948913574 0.7638617243085589 0.16991737910679408 0.222562381199428
0 0.11124897854668754 0.47575729233878 0.22249795709337508 0.09913158416748047
0 0.3733220100402832 0.31297601972307476 0.4545490060533796 0.19119715690612793
0 0.5104106494358608 0.08557897806167603 0.9464164461408343 0.17102089950016566
0 0.27504587173461914 0.7015536172049386 0.1434081792831421 0.1950641359601702
0 0.12368071930749076 0.566929680960519 0.24506236825670516 0.1328298364366804
0 0.481097902570452 0.1994394063949585 0.38412860461643766 0.12015700340270996
