1 0.6619007246834892 0.5918794359479632 0.6761985506330218 0.28023593766348703
1 0.42652719361441477 0.757892199925014 0.18387344905308314 0.26111296245029997
1 0.7455174582345145 0.1253893460546221 0.25018113000052317 0.23909298011234828
1 0.49278933661324636 0.19974391801016672 0.41813087463378906 0.23038671697889054
1 0.16362108503069198 0.775017533983503 0.32703726632254465 0.16826684134347097
1 0.7921521323067802 0.06760306017739433 0.33111320223127094 0.13474418435777938
1 0.814096178327288 0.2608403818947928 0.36021035058157785 0.14514264038630895
1 0.3683734621320452 0.2737246411187308 0.4981017793927874 0.1830531188419887
1 0.11524730920791626 0.45353381974356516 0.230491042137146 0.10778617858886719
1 0.13041280848639353 0.5558723381587437 0.26030940668923513 0.150101866040911
1 0.5017171587262835 0.5178953920091901 0.9889469146728516 0.8428222792489188
1 0.28264130864824566 0.5675046784537179 0.1700699840273176 0.48854310171944754
1 0.46297311782836914 0.050043851137161255 0.34310909679957796 0.1000360335622515