1 0.4750981330871582 0.23121673720223562 0.40164620535714285 0.22667687279837473
1 0.6747075489589146 0.583101613180978 0.6438544818333217 0.3309371130807059
1 0.7128727095467704 0.1483503750392369 0.24139526912144252 0.22795615877423966
1 0.15683581147875106 0.7806106294904437 0.3136716229575021 0.165623596736363
1 0.7856879915509906 0.28469790731157574 0.34482526779174805 0.14058807918003627
1 0.11342872040612358 0.4730383668627058 0.22577035427093506 0.10261658259800502
1 0.41301161902291433 0.7538941247122628 0.17641534124101912 0.26664202553885324
1 0.1476865325655256 0.3788527079990932 0.16198577199663436 0.10100981167384557
1 0.1257402641432626 0.5715305464608329 0.2501808064324515 0.1430638517652239
1 0.27377000876835417 0.5912934712001255 0.16410926410130092 0.4531499998910086
1 0.1680485691343035 0.694758687700544 0.12757962942123413 0.13638251168387278