0 0.6696051188877651 0.5843522208077567 0.6607896941048759 0.2992502280644008
0 0.47899178096226286 0.2059171199798584 0.392338616507394 0.2410785981587001
0 0.738159043448312 0.12782560927527292 0.24848318099975586 0.23449821131569998
0 0.4235283987862723 0.7475218091692243 0.18374003682817733 0.2831595965794155
0 0.16242059639522008 0.7789196286882673 0.32484119279044016 0.16845301219395228
0 0.8112977572849819 0.2653404644557408 0.3669193812779018 0.14181225640433176
0 0.7800799778529576 0.07059359124728612 0.3438014302934919 0.1407422763960702
0 0.12742132799965994 0.5624733652387347 0.25367259979248047 0.15387497629438127
0 0.11428458350045341 0.4582008293696812 0.22856916700090682 0.10830095836094447
0 0.3712772641863142 0.279191187449864 0.5025337764195034 0.18947000162942068
0 0.4050344058445522 0.3430587223597935 0.12928639139447892 0.24137485027313232
0 0.14842707770211355 0.3615001950945173 0.1651087829044887 0.10178899765014648
0 0.279043367930821 0.5770196233476911 0.1657146896634783 0.47242532457624165
0 0.16553590978894914 0.6881651878356934 0.13109122855322702 0.13628237588065012
0 0.48707778113228933 0.29638419832502094 0.26934034483773367 0.16764816216060094
