0 0.5730643953595843 0.3926668507712228 0.37116592270987375 0.5163887909480503
0 0.23004322392599924 0.4017317635672433 0.3317055361611502 0.13655243601117814
0 0.2643522024154663 0.2637914078576224 0.31180310249328613 0.15660405158996582
0 0.7728142738342285 0.3138791493007115 0.41275804383414133 0.5722133091517857
0 0.5144136292593819 0.6204635075160435 0.13706033570425852 0.14964887074061803
0 0.6716880798339844 0.7427175385611398 0.6566238403320312 0.20604692186628068
0 0.5777978215898786 0.7463081904820034 0.8444043568202427 0.45628394399370464
0 0.354032107761928 0.5396781648908343 0.10812027113778251 0.20755750792367117
0 0.6787776947021484 0.343578577041626 0.6126842498779297 0.6320550782339913
0 0.18619981833866664 0.5150621277945382 0.2707036903926304 0.11133268901279994
0 0.8895354952130999 0.20262346948896134 0.2209289414542062 0.13390440600258963
0 0.5923997334071568 0.7526051657540458 0.8152005331856864 0.2720239503043039
0 0.9171375547136579 0.031954558832304816 0.164200987134661 0.06390911766460963
