0 0.6550604956490653 0.5842905044555664 0.6898789405822754 0.2662487030029297
0 0.49865221977233887 0.18425142765045166 0.4246230125427246 0.23975082806178502
0 0.42606019973754883 0.7540063858032227 0.1848092760358538 0.24601670673915318
0 0.16204123837607248 0.758143697466169 0.32408247675214497 0.17512566702706472
0 0.8172755922589984 0.24919652938842773 0.3598341260637556 0.13859495094844274
0 0.7514949526105609 0.1149541905948094 0.2483773912702288 0.2299083811896188
0 0.12927353382110596 0.5389170306069511 0.25832104682922363 0.14981154033115932
0 0.8234308787754604 0.061007840292794366 0.2865993635995047 0.12163284846714564
0 0.11600367512021746 0.43597820826939176 0.23123392036982945 0.10744190216064453
0 0.37270515305655344 0.25899222918919157 0.5193227359226772 0.20188861233847483
0 0.468357971736363 0.04171385509627206 0.34716715131487164 0.08342771019254412
0 0.5075829029083252 0.5294963632311139 0.9708014215741839 0.8532621519906181
