0 0.6192209380013602 0.602593013218471 0.7615581239972796 0.42677773748125347
0 0.7074565887451172 0.16540988853999547 0.24433844430106028 0.22813796997070312
0 0.7751682826450893 0.2976675714765276 0.3369122232709612 0.13149854115077428
0 0.1611663614000593 0.7749195098876953 0.32155936104910715 0.16029984610421316
0 0.4709090164729527 0.24563050270080566 0.38859537669590544 0.22470237527574813
0 0.8952916009085519 0.4970299175807408 0.2078683716910226 0.11174545969281878
0 0.41183594294956755 0.7487069538661412 0.1709479263850621 0.2613280841282436
0 0.5055114882332938 0.08586777108056205 0.930964742388044 0.17157021590641566
0 0.36201272691999165 0.31631769452776226 0.4768705027444022 0.19231149128505162
0 0.5556534358433315 0.5316616467067173 0.888693128313337 0.9275143487112862
0 0.11609850611005511 0.4788952554975237 0.2318993295942034 0.10371954100472587
0 0.42414253098624094 0.311788729258946 0.34907824652535574 0.17707840033939906
0 0.8380272729056222 0.40314810616629465 0.19294793265206472 0.12581137248447963
