0 0.693742207118443 0.33347014018467497 0.5992915970938546 0.6132364273071289
0 0.23805301530020578 0.4038510663168771 0.3285651206970215 0.13448619842529297
0 0.27601001943860737 0.2669299330030169 0.3146618774959019 0.15784905638013566
0 0.5854558263506208 0.39161549295697895 0.37176190103803364 0.5264432770865304
0 0.8701754978724888 0.09183514969689506 0.23551218850272043 0.18367029939379012
0 0.579624993460519 0.7278244835989816 0.840750013078962 0.4664930616106306
0 0.8944487571716309 0.20941822869437082 0.21110248565673828 0.14021105425698416
0 0.7155331202915737 0.7461606434413365 0.5689337934766497 0.20995351246425084
0 0.36072604996817453 0.5457181249346051 0.10941634859357562 0.20531776973179408
0 0.5239835126059396 0.6216750144958496 0.14499589375087193 0.14937540463038854
0 0.19622153895241873 0.5161154610770089 0.26955478531973703 0.11146371705191475
0 0.7969559260777065 0.3183708190917969 0.3914721352713449 0.568502596446446
0 0.5399681840624128 0.38683925356183735 0.9045297758919852 0.7332918984549386
