1 0.5719480514526367 0.15629824570247106 0.36937080110822407 0.26122340134211947
1 0.8039523533412388 0.12574596064431326 0.2014333861214774 0.25030449458530973
1 0.649681840624128 0.46506854466029574 0.25131566183907644 0.5082643032073975
1 0.5020622185298375 0.5043330873761859 0.20262316295078822 0.4315886838095529
1 0.17082621370043075 0.3678231920514788 0.33706184795924593 0.13443023817879812
1 0.6239961896623883 0.7866859436035156 0.5675136361803327 0.16462060383387975
1 0.27592338834490093 0.5142138344900948 0.10434089388166155 0.192777224949428
1 0.834007808140346 0.25938987731933594 0.33198438371930805 0.1448183740888323
1 0.23568931647709437 0.6068831171308245 0.2958956105368478 0.24878464426313127
1 0.8598299026489258 0.5423432758876255 0.19078595297677176 0.3626805373600551
1 0.8661248343331474 0.07839347634996686 0.26775039945329937 0.1567408697945731
1 0.44322974341256277 0.21039339474269322 0.18574370656694686 0.16548054558890207
1 0.22427174023219518 0.24871955599103654 0.31692205156598774 0.14867651462554932
1 0.36932243619646343 0.4256067957196917 0.10119227000645228 0.3505330426352365
1 0.41249445506504606 0.6054848262241909 0.10261239324297224 0.24036904743739537
1 0.5644790785653251 0.04567996518952506 0.31648482595171246 0.09135993037905012
1 0.12641102927071707 0.4509697641645159 0.25282205854143414 0.10288589341299874
1 0.9211362430027553 0.4939631393977574 0.15715844290597097 0.11576482227870397
1 0.5678069250924247 0.45873866762433735 0.8643861498151507 0.9061132158551898