0 0.7013914925711495 0.40106381688799175 0.20572859900338308 0.43336234773908344
0 0.5029481819697789 0.2858916350773403 0.20478745869227818 0.5676673821040562
0 0.8417919703892299 0.24932861328125 0.19948727743966238 0.49792630331856863
0 0.3813661166599819 0.2423659222466605 0.19587578092302596 0.484731844493321
0 0.1477768932070051 0.07789912394114903 0.29357913562229704 0.1553455250603812
0 0.23990912096840994 0.3696778842381069 0.47955100876944406 0.46647790500095915
0 0.8148739678519112 0.05096832343510219 0.1674934114728655 0.10193664687020439
0 0.7386274337768555 0.12109879084995814 0.169804504939488 0.2421975816999163
0 0.08681213855743408 0.46058573041643414 0.17362427711486816 0.31385557992117746
0 0.6241265705653599 0.0939869795526777 0.11303118297031947 0.18689824853624618
0 0.49905439785548616 0.4984854630061558 0.9971495355878558 0.9969709260123116
0 0.6183123588562012 0.6388122694832938 0.25201242310660227 0.24292877742222377
