0 0.7448304040091378 0.6586057118007115 0.5103391919817243 0.25423383712768555
0 0.48463538714817594 0.6382389068603516 0.39143664496285574 0.46935462951660156
0 0.4470592907496861 0.24421426228114537 0.5503548213413784 0.48771320070539204
0 0.1973614181791033 0.225231511252267 0.19538957732064383 0.4494250161307199
0 0.43484691211155485 0.41233948298863005 0.5625205039978027 0.5025014877319336
0 0.09480762481689453 0.5454236098698207 0.1866434301648821 0.563676084790911
0 0.25446185043879915 0.7334470067705426 0.16693098204476492 0.1854440144130162
0 0.07111572793551854 0.1995420285633632 0.1421545488493783 0.30268720218113493
0 0.825948987688337 0.392059326171875 0.3481020927429199 0.35149087224687847
0 0.8201174054827008 0.30847290584019255 0.3597651209150042 0.5233792918069022
0 0.369199412209647 0.12208435365131923 0.17439055442810059 0.2430004562650408
