0 0.6082278660365513 0.5777995926993233 0.7826202256338937 0.49959867341177805
0 0.7106667927333287 0.16456825392586844 0.24279519489833287 0.2268967628479004
0 0.5959540094648089 0.5216359751565116 0.8050731931413923 0.7399685042245048
0 0.16297645228249685 0.7723958151681083 0.3251851967402867 0.15897907529558455
0 0.7827977452959333 0.29558232852390837 0.33785711015973774 0.13102836268288748
0 0.4763861724308559 0.24356680256979807 0.3889674459184919 0.22194252695356095
0 0.11593437194824219 0.4772581032344273 0.23186874389648438 0.1017446517944336
0 0.8982030323573521 0.49987077713012695 0.20359393528529576 0.11784774916512626
0 0.41627209527151926 0.7448930059160505 0.1705516747065953 0.26077147892543245
0 0.1329095789364406 0.5674336297171456 0.26335963181086947 0.13255129541669572
0 0.47983486311776297 0.19781970977783203 0.3900919641767229 0.11583858728408813
0 0.3695784977504185 0.31328470366341726 0.47704938479832243 0.18014703478131974
