0 0.6475555556161063 0.45869033677237375 0.2607179709843227 0.5086986677987235
0 0.570911134992327 0.15740789685930526 0.3762902872903006 0.2683905873979841
0 0.500631400517055 0.5004911422729492 0.20714824540274485 0.4346589020320347
0 0.6267974036080497 0.7797144481113979 0.5765502793448312 0.16976186207362584
0 0.8025075367518834 0.12232048170907157 0.2056614330836705 0.24464096341814315
0 0.23935156209128244 0.6076534135001046 0.2959381171635219 0.25023365020751953
0 0.17148123468671525 0.3681174005780901 0.3364733968462263 0.1344707693372454
0 0.8635459627423968 0.534801551273891 0.19425310407366073 0.3642667702266148
0 0.44049467359270367 0.2056164230619158 0.18299027851649693 0.1598082951136998
0 0.27647270475115093 0.5142508234296527 0.10405198165348598 0.19091643605913436
0 0.8340253829956055 0.2560006209782192 0.3319493021283831 0.1414316041128976
0 0.12834820577076503 0.45319134848458426 0.25669641154153006 0.10430427959987096
0 0.4143477167401995 0.6030587468828473 0.10293453080313546 0.23894146510532924
0 0.22376622472490584 0.24701014586857387 0.3133119174412319 0.15076797349112375
0 0.8678466251918248 0.07668747220720563 0.2643066814967564 0.15337494441441127
0 0.9229609625680106 0.4922440392630441 0.15390075956072127 0.11353404181344169
0 0.36899505342756 0.4276456151689802 0.09952793802533831 0.35934856959751676
0 0.5529753140040806 0.04471468073981149 0.33807250431605745 0.08942936147962298
