1 0.7302209309169224 0.9116234098161969 0.4806643213544573 0.17632232393537248
1 0.13549456426075526 0.7868780408586774 0.19044622353145055 0.42618867329188753
1 0.5149925776890346 0.8582474844796317 0.31648434911455425 0.2832414763314383
1 0.3982794966016497 0.24424394539424352 0.6210833277021136 0.29847209794180735
1 0.4763437339237758 0.5824031829833984 0.47160605021885466 0.43581431252615793
1 0.12726215805326188 0.5135226590292794 0.1699164765221732 0.27264669963291716
1 0.8186065128871373 0.627711568559919 0.36049141202654156 0.4680249350411551
1 0.46811914443969727 0.7353473390851702 0.4872560501098633 0.4128375734601702
1 0.8099226951599121 0.6986418451581683 0.31731183188302176 0.32184600830078125
1 0.27549358776637484 0.5256179400852748 0.16436418465205602 0.4960463047027588
1 0.8158411298479352 0.5427600996834892 0.36774819237845285 0.3925173282623291
1 0.40405389240809847 0.4503707545144217 0.13185708863394602 0.2673236983163016
1 0.5959889548165458 0.7427541869027274 0.7519706317356655 0.5122343131474086
1 0.29131300108773367 0.9527976853506905 0.16456569944109237 0.0939077649797712