1 0.5560456684657505 0.1535759142466954 0.37967562675476074 0.2600814274379185
1 0.6212737900870187 0.43165482793535503 0.2780309404645647 0.4949094908578055
1 0.7873086248125348 0.11572108098438807 0.21000848497663224 0.23144216196877615
1 0.8309609549386161 0.24715777805873326 0.33807802200317383 0.13764638560158865
1 0.47355570111955914 0.47804389681134907 0.2231694289616176 0.4469569069998605
1 0.2102600165775844 0.24826758248465403 0.31038856506347656 0.15411722660064697
1 0.5844695908682687 0.7424516677856445 0.6325016021728516 0.16884667532784597
1 0.16291722229548863 0.3699958324432373 0.3236609527042934 0.1330998284476144
1 0.8645949363708496 0.07004004716873169 0.2708101272583008 0.14008009433746338
1 0.4159908635275705 0.2026854923793248 0.16172034399850027 0.1502682822091239
1 0.8588127408708844 0.5178181103297642 0.20792600086757115 0.368027857371739
1 0.23537186213902064 0.6089179856436593 0.30143158776419504 0.24228286743164062
1 0.272787264415196 0.5167176042284284 0.10616110052381243 0.18883453096662248