0 0.366849490574428 0.6889284678867885 0.17373226370130265 0.25849934986659456
0 0.13660931587219238 0.7295957292829242 0.27321863174438477 0.14029175894601004
0 0.6508502960205078 0.09840520790645055 0.2420321192060198 0.1968104158129011
0 0.40844641413007465 0.17608860560825892 0.4036323683602469 0.2253763164792742
0 0.22625926562717982 0.5519368307931083 0.15579501220158168 0.3986283370426723
0 0.30514536585126606 0.2442986113684518 0.4814023290361677 0.17089418002537318
0 0.4794795172555106 0.5969103404453823 0.2683477061135428 0.09266492298671178
0 0.7206776482718331 0.2184762954711914 0.3420438766479492 0.13002376896994455
0 0.08837292875562396 0.4206090654645647 0.1764255932399205 0.09358276639665876
0 0.09935939311981201 0.524345874786377 0.19871878623962402 0.1476489816393171
0 0.09966458593096052 0.5060719081333706 0.1992312158857073 0.2596524442945208
0 0.09352265085492815 0.3321989263807024 0.1609240940638951 0.10003362383161273
0 0.3979463577270508 0.03795533946582249 0.3254171780177525 0.07591067893164498
0 0.12520489522389003 0.6392107009887695 0.127935596874782 0.13519021442958287
0 0.3565445968082973 0.3843351091657366 0.16520799909319198 0.37587666511535645
0 0.43560900006975445 0.12584401879991805 0.35366579464503695 0.11649632453918457
0 0.2172619104385376 0.39767657007489887 0.12407994270324707 0.24912052495138987
