1 0.5969612939017159 0.6098518371582031 0.45100174631391254 0.19033125468662807
1 0.1914795466831752 0.6123275756835938 0.3827884537833078 0.26746933800833567
1 0.0976157443864005 0.414078950881958 0.19512345109667098 0.27371530873434885
1 0.6316898890904018 0.14278413568224227 0.4763101169041225 0.2412783077784947
1 0.702383177621024 0.46056604385375977 0.16005345753261022 0.19568310465131486
1 0.3748870577130999 0.359670809337071 0.4846348081316267 0.2802281209400722
1 0.3838245187486921 0.8404121398925781 0.7649827003479004 0.3090229034423828
1 0.583348001752581 0.4295808587755476 0.09076343263898577 0.1849808692932129
1 0.26515323775155203 0.1260343619755336 0.4159163066319057 0.2518976756504604
1 0.042831480503082275 0.32075016839163645 0.08544720922197614 0.20840253148760116
1 0.889526503426688 0.7060585021972656 0.2198397091456822 0.5850236075265067
1 0.5514814513070243 0.3560761383601597 0.8450949532645089 0.2926523344857352
1 0.801605224609375 0.28753416878836496 0.2967445509774344 0.13812226908547537
1 0.8887777328491211 0.7099285125732422 0.22079433713640487 0.5789690698896136