0 0.2781085968017578 0.21931847504207067 0.5358572687421527 0.17892990793500627
0 0.18954290662493026 0.7984164101736886 0.20861577987670898 0.40265423910958426
0 0.4582219123840332 0.6168364116123745 0.3977018083844866 0.5699247292109898
0 0.07222225836345128 0.5584448405674526 0.14444451672690256 0.29345740590776714
0 0.4354242597307478 0.48091847555977957 0.36942969049726215 0.5479703630719867
0 0.1784792627607073 0.5263045855930873 0.23623786653791154 0.5309312002999442
0 0.5826128550938198 0.7855286598205566 0.24748107365199498 0.42848777770996094
0 0.8027128492082868 0.7314533506120954 0.39413472584315706 0.40974882670811247
0 0.38332060405186247 0.934884752546038 0.1839256967817034 0.12929800578526088
0 0.27818950584956575 0.41590615681239534 0.12330235753740583 0.2485605307987758
0 0.5316964217594692 0.5746267863682338 0.935992990221296 0.8311780520847866
0 0.7626048496791294 0.3548424243927002 0.2841012818472726 0.4053757531302316
