1 0.8263788904462542 0.3126623971121652 0.2206450871058873 0.4952609879629953
1 0.4795975685119629 0.3111613818577358 0.22873459543500627 0.612687383379255
1 0.6617129870823452 0.4625358581542969 0.19041671071733748 0.45083716937473844
1 0.3759211812700544 0.26426875591278076 0.19650474616459437 0.5285375118255615
1 0.15017163753509521 0.08529284170695714 0.2990804059164865 0.17000469139644078
1 0.2199747051511492 0.40161636897495817 0.4399494103022984 0.48307020323617117
1 0.617555958884103 0.12098426478249687 0.12802113805498397 0.24136175428118026
1 0.7275401524135044 0.1486137935093471 0.1771658488682338 0.29451813016619
1 0.06883575660841805 0.4714728764125279 0.1376715132168361 0.31108641624450684
1 0.8607140949794224 0.08278103385652814 0.27791288920811247 0.1655620677130563
1 0.5759589331490653 0.6919797488621303 0.2561838286263602 0.23769569396972656