0 0.31609048162187847 0.6667404174804688 0.5648898737771171 0.3239008699144636
0 0.5727321079799107 0.9259176254272461 0.5344792434147426 0.14766999653407506
0 0.3739361422402518 0.4502864565168108 0.5787399155752999 0.3809495653424944
0 0.050394845860345025 0.6472199303763253 0.10043005432401385 0.49157960074288504
0 0.7593445777893066 0.580620561327253 0.477374655859811 0.28794288635253906
0 0.7635860443115234 0.723395824432373 0.4691476821899414 0.32113473755972727
0 0.76066711970738 0.6615381240844727 0.4758564404078892 0.4579783167157854
0 0.3134732586996896 0.8347680909293038 0.45675536564418245 0.3293482916695731
0 0.1626847301210676 0.34141080720084055 0.2797469070979527 0.4988719735826765
0 0.3119032382965088 0.7517886161804199 0.5818832261221749 0.49642276763916016
0 0.4010930061340332 0.16267078263419016 0.7128438949584961 0.3240421840122768
