0 0.7248237473624093 0.1629089287349156 0.23349911825997488 0.22409345422472274
0 0.1694152866091047 0.7604178019932338 0.3373452254704067 0.15746852329799108
0 0.49123191833496094 0.24105276380266463 0.39052748680114746 0.21671906539372035
0 0.6218328475952148 0.5094491413661412 0.7563343048095703 0.6644108636038644
0 0.12405864681516375 0.4741957528250558 0.2481172936303275 0.10240439006260463
0 0.6223836626325335 0.586841378893171 0.755232606615339 0.44601876395089285
0 0.7891725131443569 0.2942587307521275 0.33739185333251953 0.1275033950805664
0 0.5870121547154018 0.5255008084433419 0.8259756905691964 0.9133602551051548
0 0.13614608560289657 0.5621835163661412 0.27177882194519043 0.1362158911568778
0 0.17951137678963797 0.3813271863119943 0.15036787305559432 0.09406518936157227
0 0.498542172568185 0.19638630322047643 0.3790922164916992 0.11425266095570155
0 0.4299300057547433 0.7383789334978376 0.1656536034175328 0.25033589771815706
0 0.6000885282244001 0.08250176055090767 0.751288754599435 0.1646096876689366
0 0.4463770730154855 0.31118505341666086 0.3339009966169085 0.18068281241825648
