0 0.24698833056858607 0.5710846355983189 0.21897527149745397 0.28655787876674105
0 0.5467634882245745 0.35995336941310335 0.6111185891287667 0.4330573081970215
0 0.201738817351205 0.8293380737304688 0.22110724449157715 0.340879099709647
0 0.5653208323887416 0.14394053391047887 0.44435014043535503 0.12322442872183663
0 0.5602342741830009 0.739811829158238 0.5327949864523751 0.35058542660304476
0 0.43595668247767855 0.6562954357692173 0.2870547090257917 0.546508755002703
0 0.8509223120553153 0.13866569314684188 0.21033539090837752 0.20264271327427455
0 0.6076834542410714 0.3971785136631557 0.479330199105399 0.35065838268824984
0 0.5484270368303571 0.8720547812325614 0.5174432822636196 0.25527197974068777
0 0.3137928417750767 0.5375603948320661 0.3512957436697824 0.3512140342167446
0 0.8937907218933105 0.4998002052307129 0.21173858642578125 0.3833252021244594
