1 0.13732893126351492 0.7264302117483956 0.2741592952183315 0.13988215582711355
1 0.6467653002057757 0.1044028741972787 0.23952436447143555 0.2088057483945574
1 0.4056363786969866 0.1825747149331229 0.39234512192862375 0.22135787350790842
1 0.713524614061628 0.228993330683027 0.3413700376238142 0.13050321170261928
1 0.0983148557799203 0.5213342394147601 0.19565389837537492 0.140094450541905
1 0.08697586400168282 0.4228288786751883 0.1736605167388916 0.09089793477739606
1 0.22859392847333634 0.5519012723650251 0.15318965911865234 0.3947641168321882
1 0.4479304381779262 0.13581934145518712 0.3270513670785086 0.11709351199013847
1 0.36398448262895855 0.6903785978044782 0.17076805659702846 0.25756801877702984
1 0.7213440622602191 0.05161846961293902 0.290107182094029 0.10323693922587804
1 0.3518801416669573 0.38830641337803434 0.15224347795758927 0.37977286747523714
1 0.4024719170161656 0.043932322944913595 0.3043469020298549 0.08786464588982719
1 0.2215986933026995 0.3987941060747419 0.12172017778669085 0.2431375469480242
1 0.09849514280046735 0.5072117533002581 0.1968604496547154 0.2569070884159633
1 0.09907857860837664 0.33526887212480816 0.15644766603197371 0.0978999137878418
1 0.32529899052211214 0.25344509737832205 0.5209362506866455 0.17598693711417063
1 0.12687590292521886 0.6391261645725795 0.12600392954690115 0.1348104476928711
1 0.4892424855913435 0.6006518772670201 0.28130875314985004 0.09669569560459682