0 0.6294136728559222 0.9480909620012555 0.4780097688947405 0.10304757526942662
0 0.7852118355887276 0.689243997846331 0.42957632882254465 0.4285490853445871
0 0.41922991616385324 0.582897390638079 0.49946127619062153 0.38892647198268343
0 0.4112329142434256 0.2259091820035662 0.6392017773219517 0.39886369024004253
0 0.8572752816336495 0.782621043069022 0.28371122905186247 0.4339682715279715
0 0.0901933227266584 0.7692233494349888 0.17908562932695662 0.45836056981767925
0 0.09636647360665458 0.47574751717703684 0.17396010671343123 0.26729542868477957
0 0.3973841667175293 0.7574107987540108 0.5078798021589007 0.34103543417794363
0 0.4966466426849365 0.4999856948852539 0.9811493328639439 0.9959327152797154
0 0.5211965356554303 0.6873587880815778 0.9286148207528251 0.6124794823782784
0 0.42794707843235563 0.8735148566109794 0.3342163222176688 0.25297021865844727
