1 0.17581144401005336 0.8230834688459124 0.22569659778050014 0.35359348569597515
1 0.5313666207449776 0.33968612125941683 0.6381021227155413 0.4397446428026472
1 0.21966379029410227 0.5624258858816964 0.21593950475965226 0.28047616141183035
1 0.5472879750388009 0.1252483810697283 0.4516374724251883 0.1188740645136152
1 0.540034260068621 0.728048597063337 0.5395477158682687 0.36761862891060965
1 0.836125373840332 0.8227641241891044 0.32677970613752094 0.35358122416904997
1 0.4175573076520647 0.6024181502205985 0.3002275398799351 0.5040766511644635
1 0.3487208570752825 0.6121646336146763 0.4323372500283377 0.5248353821890694
1 0.3718292372567313 0.6095391682216099 0.19420903069632395 0.5078659398215157
1 0.5837663241795131 0.28983800751822336 0.7173944200788226 0.5425187860216413
1 0.8452059882027763 0.1239836471421378 0.20835842405046737 0.1993832758494786
1 0.5837994984218052 0.3756992816925049 0.5292846815926688 0.3652987480163574