0 0.4096766880580357 0.17886917931692942 0.38839949880327496 0.22165141786847795
0 0.13870249475751603 0.7249670028686523 0.27564988817487446 0.13822507858276367
0 0.6523665700639997 0.09984022378921509 0.24048433985028947 0.19968044757843018
0 0.3111933980669294 0.24841438020978654 0.4800616673060826 0.1700716188975743
0 0.7198477472577777 0.22148953165326798 0.3401764120374407 0.1285048382622855
0 0.2319133792604719 0.5414105142865863 0.15708034379141672 0.42050133432660786
0 0.3726607731410435 0.6857530048915318 0.16972180775233678 0.2496931893484933
0 0.10434397629329137 0.5178819383893695 0.207913943699428 0.1377979006086077
0 0.354341983795166 0.3914009502955845 0.14685182912009104 0.38501548767089844
0 0.09209557090486799 0.42219788687569754 0.1833756821496146 0.09317387853349958
0 0.5938094684055873 0.5461358342851911 0.4070396423339844 0.23053441728864396
0 0.4311040810176304 0.1280180471284049 0.36966330664498465 0.11498493807656425
0 0.10449809687478202 0.5064103262765067 0.20895399366106307 0.25771730286734446
0 0.1325397150857108 0.6372252191816058 0.1217136127608163 0.1330699920654297
0 0.46835201127188547 0.52117201260158 0.9319852420261928 0.8868692261832101
0 0.8506425448826381 0.4327618053981236 0.21311146872384207 0.12202283314296178
0 0.22531999860491073 0.39885176931108746 0.1230773755482265 0.2487812042236328
