1 0.7151566914149693 0.9220880780901227 0.4789044516427176 0.15570102419172013
1 0.12531293290002005 0.7899269376482282 0.19638240337371826 0.419588429587228
1 0.8154012135096959 0.6452548163277763 0.3624836376735142 0.4665036201477051
1 0.4019796848297119 0.25514202458517893 0.6214021274021694 0.29765118871416363
1 0.27653251375470844 0.9531230926513672 0.16702987466539657 0.09324073791503906
1 0.49994843346732004 0.8647161211286273 0.3138040474482945 0.26934698649815153
1 0.4614066055842808 0.585568904876709 0.485992499760219 0.4252992698124477
1 0.45661674227033344 0.7442998204912458 0.4926155294690813 0.4022151061466762
1 0.12186720541545323 0.5133426530020577 0.17220863274165563 0.27009596143450054
1 0.8087410245622907 0.7072179658072335 0.3292268344334194 0.33131749289376394
1 0.27333017757960726 0.5353626523699079 0.1656907115663801 0.5127190181187221
1 0.8125655991690499 0.5832958221435547 0.3748688016619001 0.3312856469835554