0 0.17524124894823348 0.731224809374128 0.34957759720938547 0.1456195286342076
0 0.538444995880127 0.501394374029977 0.8937192644391742 0.5597312791006905
0 0.7380967821393695 0.14319964817592076 0.2281921250479562 0.22346367154802596
0 0.4517800807952881 0.44938864026750835 0.8044438362121582 0.6045078550066266
0 0.5069755145481655 0.2181448425565447 0.3831540857042585 0.21785446575709752
0 0.44143894740513395 0.7084601266043526 0.16053332601274764 0.247434207371303
0 0.510953426361084 0.5271438871111188 0.9600568498883929 0.7531742368425641
0 0.07945631231580462 0.6180157661437988 0.15891262463160924 0.09522121293204171
0 0.31142091751098633 0.6536897250584194 0.148115873336792 0.22067488942827498
0 0.39735480717250277 0.2886236735752651 0.45000198909214567 0.1761699574334281
0 0.21459736142839705 0.6527373450142997 0.1231825862612043 0.12784242630004883
0 0.14577421120234899 0.5351052624838692 0.29154842240469797 0.1349362645830427
0 0.9142247608729771 0.47907975741795134 0.170764582497733 0.11301108769008092
