1 0.6388847487313407 0.7081668717520577 0.23126660074506486 0.5818380628313337
1 0.3099113873073033 0.5882599694388253 0.16621712275913783 0.45491221972874235
1 0.6791984013148716 0.25539914199284147 0.22563815116882324 0.16383208547319686
1 0.2238764762878418 0.7360951559884208 0.30124337332589285 0.4234397751944406
1 0.07054427691868373 0.5728720937456403 0.1407231092453003 0.3611682823726109
1 0.2706416504723685 0.1071757333619254 0.417917149407523 0.21340998581477574
1 0.4622924668448312 0.5989274297441755 0.14663985797337123 0.44241264888218473
1 0.474275997706822 0.3215689999716623 0.28074632372174946 0.14499775000980922
1 0.5305332456316266 0.08598680155617851 0.1821948800768171 0.1457810401916504
1 0.38578574998038156 0.19012440953935897 0.35988991601126535 0.1486227342060634
1 0.28235643250601633 0.2955963611602783 0.18971763338361466 0.1273345947265625
1 0.15674402032579696 0.39969451086861746 0.21760736192975724 0.39168262481689453
1 0.6097136906215123 0.18913817405700684 0.21987581253051758 0.22138520649501256
1 0.04868235332625253 0.3734372683933803 0.09736470665250506 0.10929077012198311
1 0.13899266719818115 0.8653061730521066 0.2779853343963623 0.26938772201538086