0 0.5758208547319684 0.15834125450679234 0.37472667012895855 0.26512644972120014
0 0.622701781136649 0.7941105706351144 0.5645895344870431 0.16307837622506277
0 0.6494060925074986 0.47292007718767437 0.24427332196916854 0.5009377343314034
0 0.8064359937395368 0.12823896748679026 0.19980124064854213 0.2463702814919608
0 0.5026167460850307 0.5096994127546038 0.1997687476021903 0.4319330283573696
0 0.17147747107914516 0.3676234654017857 0.339496306010655 0.1349482536315918
0 0.8615117073059082 0.5461456435067313 0.19228512900216238 0.3684779235294887
0 0.2341968502317156 0.6061859130859375 0.2930855410439627 0.24981444222586496
0 0.8357734680175781 0.2612865992954799 0.32845299584524973 0.1455249786376953
0 0.4096606118338449 0.607682296207973 0.09925181525094169 0.24168736594063894
0 0.2752246345792498 0.5139538560594831 0.10392437662397112 0.19269636699131557
0 0.22494864463806152 0.2474356038229806 0.31556633540562223 0.14867774077824183
0 0.3675193786621094 0.4194395882742746 0.10369699341910225 0.3585071223122733
0 0.12748057501656668 0.4497995376586914 0.25496115003313335 0.10473711150033134
0 0.4488309451511928 0.21143570968082973 0.19225341933114187 0.16810243470328196
0 0.9224387577601841 0.498835699898856 0.1548057964869908 0.11419486999511719
0 0.8655247688293457 0.08096174682889666 0.2689504623413086 0.16168238435472762
0 0.735792704990932 0.36402985027858187 0.14778082711356028 0.11476523535592216
0 0.5685110773359027 0.04563726271901812 0.3068803719111851 0.09127452543803624
