0 0.5301101548331124 0.5286716733660016 0.8592730930873326 0.44168499537876676
0 0.17671663420540945 0.7297792434692383 0.3534332684108189 0.1438708986554827
0 0.4951186180114746 0.45982132639203754 0.9672094072614398 0.5844731330871582
0 0.7401533126831055 0.1418212652206421 0.22840424946376256 0.22303022657121932
0 0.5082905633108956 0.21616857392447336 0.3790812151772635 0.21637628759656632
0 0.442781788962228 0.7130992071969169 0.16082896505083358 0.2353653907775879
0 0.39806151390075684 0.2835287536893572 0.47021559306553434 0.1730799334389823
0 0.3120548725128174 0.6575436592102051 0.14542836802346365 0.20807835033961705
0 0.14116499253681727 0.5342038699558803 0.28232998507363455 0.12986983571733748
0 0.081093430519104 0.6131962367466518 0.162186861038208 0.09325252260480608
0 0.7722504479544503 0.9756274904523577 0.09320919854300362 0.04792172568184989
