0 0.5759901319231305 0.16253958429609025 0.3711676938193185 0.27099972111838205
0 0.6450049536568778 0.4888427598135812 0.23584590639386857 0.49462863377162386
0 0.6164956092834473 0.806340217590332 0.5591866288866315 0.16560438701084682
0 0.8072763170514788 0.1331203750201634 0.19790043149675643 0.2474442720413208
0 0.4976225921085903 0.5195770263671875 0.19158002308436803 0.4280752795083182
0 0.8561133657182965 0.5471374647957938 0.18698011125837052 0.37055110931396484
0 0.17074622426714217 0.3653326375143869 0.3346011979239328 0.13595015662057058
0 0.8378908974783761 0.2673649277005877 0.3242182731628418 0.14645654814583914
0 0.3718798501150949 0.42203051703316824 0.11040704590933663 0.3519025870731899
0 0.12676880189350673 0.4466440337044852 0.25353760378701345 0.10293745994567871
0 0.23270954404558455 0.6052389144897461 0.29184300558907644 0.2546193940298898
0 0.9202756881713867 0.5025226388658796 0.15920352935791016 0.11285475322178432
0 0.2263754265648978 0.2475872380392892 0.3127443790435791 0.14980695928846086
0 0.2733105591365269 0.5113048553466797 0.10571908950805664 0.1919231414794922
0 0.4045463970729283 0.6142209597996303 0.09451028278895787 0.24751128469194686
0 0.4614075592585972 0.21226128510066442 0.21844073704310826 0.16803676741463797
0 0.5817470550537109 0.04806913648332868 0.305316550391061 0.09613827296665736
0 0.7326186043875558 0.3666513306753976 0.15357358115059988 0.11464994294302804
