0 0.4838834149496896 0.4806934084211077 0.4769801412309919 0.2019214289528983
0 0.16115515572684153 0.5278222901480538 0.32213633401053293 0.30892413003104074
0 0.34010492052350727 0.7338803155081612 0.6802098410470145 0.33695949826921734
0 0.6201237269810268 0.34936114719935824 0.17361116409301758 0.17404259954180037
0 0.33614342553274973 0.2698748452322824 0.6687988553728376 0.27070787974766325
0 0.7183070182800293 0.18218847683497838 0.30474209785461426 0.15292067187173025
0 0.8386246817452567 0.6187994820731026 0.32219702856881277 0.7410039901733398
0 0.26212472575051443 0.13243896620614187 0.22665647097996303 0.14324477740696498
0 0.3914694104875837 0.32918027469090055 0.1673954895564488 0.1283691270010812
0 0.49704483577183317 0.3235855443137033 0.0872844968523298 0.13625526428222656
0 0.5488612992422921 0.08538264036178589 0.5005945478166852 0.17065935475485666
0 0.1551611934389387 0.0759010910987854 0.30972838401794434 0.1518021821975708
