0 0.5339821747371128 0.1220963682447161 0.45948403222220285 0.11619629178728376
0 0.5184347288949149 0.3382664067404611 0.6513305391584124 0.4469573838370187
0 0.19994606290544784 0.5567845617021833 0.22757773739950998 0.29635207993643625
0 0.15003842966897146 0.8236525399344308 0.22918333326067244 0.35234335490635466
0 0.512789249420166 0.7317359106881278 0.5423028128487724 0.3634863921574184
0 0.3921359266553606 0.6384414945329938 0.30544635227748324 0.5673174517495292
0 0.833869389125279 0.12064429691859654 0.21175227846418107 0.2060142925807408
0 0.34495462690080914 0.6383300508771624 0.21403682231903076 0.5713369165148053
0 0.5258112294333321 0.5104484898703439 0.9483775411333356 0.9493436132158551
0 0.30088809558323454 0.2373868908200945 0.21794746603284562 0.23913870538984025
0 0.5763034820556641 0.37254353931971956 0.4924278259277344 0.3777261802128383
0 0.8773933138166156 0.4796420506068638 0.24437032427106584 0.40894508361816406
