1 0.68730742590768 0.1689532995223999 0.2274975095476423 0.21542181287493026
1 0.15680868285042898 0.7601308822631836 0.31361736570085796 0.15191166741507395
1 0.4610586847577776 0.24584950719560897 0.3754923343658447 0.21743527480534144
1 0.637983867100307 0.562147685459682 0.5719612666538784 0.3474407196044922
1 0.7522595950535366 0.29590518133980886 0.32963902609688894 0.1254387923649379
1 0.11401714597429548 0.4761663164411272 0.22798327037266322 0.10105456624712263
1 0.4045978273664202 0.7345965249197823 0.16340105874197824 0.2493436677115304
1 0.3578887326376779 0.3116354601723807 0.4817742960793631 0.17118658338274276
1 0.1264797023364476 0.5649495806012835 0.2519573313849313 0.1329935278211321
1 0.1529379231589181 0.3865663324083601 0.1520078182220459 0.09259462356567383
1 0.41320981298174175 0.3128578322274344 0.33762352807181223 0.1734374931880406
1 0.45543711526053293 0.2039679799761091 0.39427907126290457 0.1127239465713501
1 0.2746378353663853 0.5942482948303223 0.15980189187186106 0.40738844871520996