1 0.13890127624784196 0.7290175301688058 0.27755909306662424 0.1409487043108259
1 0.41259683881487164 0.17622973237718856 0.40079144069126676 0.22122815677097865
1 0.6546380860464913 0.09879062856946673 0.24187295777457102 0.19758125713893346
1 0.31167783055986675 0.2440948145730155 0.48256376811436247 0.175229617527553
1 0.23168509347098215 0.5247429098401751 0.15234409059797013 0.45288119997297016
1 0.7244671412876674 0.21896283967154367 0.3477680342538016 0.12794526985713414
1 0.6050024032592773 0.5305365494319371 0.3941571031297956 0.22768204552786692
1 0.10135333027158465 0.5211388383592878 0.20151000363486155 0.14085313252040318
1 0.37182487760271343 0.6864461898803711 0.17273357936314174 0.26295035226004465
1 0.09147661072867257 0.42153096199035645 0.1824220589229039 0.09432533809116908
1 0.10230344533920288 0.5073223454611642 0.2045490571430751 0.2602203232901437
1 0.40414360591343473 0.038152724504470825 0.307074955531529 0.07630544900894165
1 0.35139966011047363 0.3885132244655064 0.15130853652954102 0.40289184025355745
1 0.43027816499982563 0.1264333724975586 0.37641617230006624 0.11574159349714007
1 0.12924926621573313 0.6398797716413226 0.122567960194179 0.13476364953177317
1 0.7876640047345843 0.32314068930489676 0.19818115234375 0.13161437852042063