1 0.13604907478604997 0.7318212645394462 0.27186828000204905 0.1390066146850586
1 0.3628577845437186 0.6886375972202846 0.17232813153948104 0.2585911750793457
1 0.6430721282958984 0.098329986844744 0.24545070103236608 0.196659973689488
1 0.40461485726492746 0.17417027269090926 0.4074521745954241 0.21968422617231095
1 0.22271547998700822 0.5368620668138776 0.15477277551378524 0.42813362394060406
1 0.2986184869493757 0.24162263529641287 0.4745821952819824 0.16450728688921248
1 0.716695853642055 0.2188713891165597 0.3405050209590367 0.13015145914895193
1 0.09899555785315377 0.5062409128461566 0.19788706302642822 0.2578237737928118
1 0.0987088509968349 0.5268675259181431 0.196460383278983 0.15068067823137557
1 0.08796823024749756 0.42208753313337055 0.1754608494894845 0.09308164460318429
1 0.34722178322928293 0.24153251307351248 0.3340762342725481 0.1715578692299979
1 0.12094180924551827 0.6399671009608677 0.12850260734558105 0.1368401391165597
1 0.4822047097342355 0.5940305846078056 0.28538516589573454 0.09924313000270299
1 0.08847052710396903 0.3333641460963658 0.16063056673322404 0.09911385604313441
1 0.34450152942112516 0.3907606942313058 0.15908498423440115 0.3884319577898298
1 0.4117301532200405 0.12847891875675746 0.39042653356279644 0.11966875621250697