0 0.7599366733006069 0.8758540834699359 0.4795450142451695 0.18020779745919363
0 0.6836679322378976 0.19549405574798584 0.3887965679168701 0.2206127643585205
0 0.905134882245745 0.15611750738961355 0.18973030362810409 0.23656276294163295
0 0.6622437068394252 0.5746771948678153 0.2568286827632359 0.4751330443790981
0 0.8243844849722726 0.5293576036180768 0.3146439961024693 0.545851503099714
0 0.5645476068769183 0.6710269791739327 0.15836467061723983 0.2995155538831438
0 0.3345738819667271 0.31640877042497906 0.30690373693193707 0.13884249755314418
0 0.2849884714399065 0.43597449575151714 0.33028827394757954 0.13247013092041016
0 0.5685522896902901 0.2762818677084787 0.2239654745374407 0.17889669963291713
0 0.3707825796944754 0.6792149543762207 0.31435768944876535 0.25598948342459543
0 0.8970207486833844 0.29673722812107634 0.20595850263323104 0.13962069579533168
0 0.5720067705426898 0.5404495852334159 0.8559863907950265 0.9191008295331683
0 0.24097067969185965 0.5250072479248047 0.26264197485787527 0.10118140493120466
0 0.3990135192871094 0.5784616470336914 0.1053253241947719 0.19390303747994558
0 0.48618953568594797 0.5169914790562221 0.10648318699428014 0.42754013197762625
