3 0.2916499205998012 0.8223740713936942 0.3030511311122349 0.3434517042977469
3 0.14810962336403982 0.43445941380092074 0.29621924672807964 0.24183310781206405
3 0.756298337663923 0.8302480152675084 0.3581066131591797 0.33839259828839985
3 0.525155884878976 0.7148194994245257 0.24948062215532577 0.3584116186414446
3 0.876744270324707 0.5128265108380999 0.24520226887294225 0.27583844321114676
3 0.6507447106497628 0.4143977846418108 0.25324208395821707 0.2876974514552525
3 0.3345557621547154 0.5483677727835519 0.2717940296445574 0.21576213836669922
3 0.120783873966762 0.655322687966483 0.24104557718549455 0.35251358577183317
3 0.429776668548584 0.1646455696650914 0.28215197154453825 0.19192790985107422
3 0.9333794457571847 0.9273176193237305 0.13244056701660156 0.14427757263183594
3 0.4567739282335554 0.9353724207196917 0.2578512600490025 0.12800448281424387
3 0.8180570602416992 0.6943411827087402 0.3612854140145438 0.289114168712071