3 0.7316345487322126 0.5807865006583077 0.4634908267429897 0.2720510278429304
3 0.3277410439082554 0.7558160509381976 0.2504159893308367 0.24534368515014648
3 0.8767461776733398 0.8574276651654925 0.2452859878540039 0.2842588424682617
3 0.8385599681309291 0.18990843636648996 0.2077165331159319 0.19708122525896346
3 0.3559342793055943 0.5218861443655831 0.2871502126966204 0.2183055877685547
3 0.16128603049686976 0.6635146141052246 0.20765444210597447 0.23653738839285715
3 0.46501827239990234 0.10566625424793788 0.2596373217446463 0.21133250849587576
3 0.5305908407483783 0.9585138048444476 0.217818055834089 0.08194351196289062
3 0.913003785269601 0.041837492159434726 0.17383841105869838 0.08367498431886945
3 0.6521155493600028 0.22802463599613734 0.19205168315342494 0.14589360782078334
3 0.9164295196533203 0.12414961201804024 0.12192760195050921 0.13420517104012625
3 0.6992846216474261 0.07838806084224156 0.2649071897779192 0.15677612168448313