3 0.4901902675628662 0.8682911736624581 0.21400090626307897 0.24499286924089705
3 0.28381173951285227 0.5337701525006976 0.21624297755105154 0.20232524190630233
3 0.6588495799473354 0.9335709980555943 0.24291583469935826 0.13177456174577987
3 0.28314484868730816 0.9340925216674805 0.220686708177839 0.13078764506748744
3 0.30421219553266254 0.06623142106192452 0.16278581959860666 0.13246284212384904
3 0.15460889680044992 0.4340031487601144 0.1740506546837943 0.21552675110953196
3 0.3377257415226528 0.33610572133745464 0.15174497876848494 0.19862496852874756
3 0.1391961063657488 0.6533361843654087 0.2100658416748047 0.20450077738080705
3 0.29684856959751676 0.7530325480869838 0.17708567210606166 0.22866569246564591
3 0.6817408970424107 0.16909546511513845 0.3439552443368094 0.18418179239545548
3 0.4807398659842355 0.6322195870535714 0.2484250749860491 0.2110342298235212