3 0.4234154224395752 0.7535697392054966 0.3166877882821219 0.31602116993495394
3 0.6782432283673968 0.08825260400772095 0.22681873185294016 0.1765052080154419
3 0.5623980249677386 0.49957925932747976 0.5275678294045585 0.29420355388096403
3 0.9105516161237445 0.6079418999808175 0.1785759244646345 0.24898512022835867
3 0.47163173130580355 0.12380789007459368 0.20199847221374512 0.16008264677865164
3 0.8211133139474052 0.34366025243486675 0.19256108147757395 0.3283207757132394
3 0.7399133273533413 0.8198280334472656 0.27561187744140625 0.35948065349033903
3 0.6323339598519462 0.26919337681361605 0.27351532663617817 0.2668515614100865
3 0.14942068713051931 0.47052349363054546 0.29883176939828054 0.2389704840523856
3 0.13375864710126603 0.7254501070295062 0.26751729420253206 0.2747646059308733
3 0.9351194245474679 0.8663977214268276 0.12923853737967356 0.26556852885654997