3 0.13173152719225203 0.14281450850622995 0.26346305438450407 0.18916220324380056
3 0.5717267990112305 0.7228185789925712 0.3373567376817976 0.4619518348148891
3 0.9655696323939732 0.7943943568638393 0.06833955219813756 0.4102871077401297
3 0.09812404428209577 0.4070941380092076 0.19624808856419154 0.2467043059212821
3 0.8575594765799386 0.4163705621446882 0.2839303697858538 0.2619342633656093
3 0.8111118589128766 0.6464548110961914 0.3124916212899344 0.2281202588762556
3 0.6515365328107562 0.18702740328652517 0.19694900512695312 0.24378432546343123
3 0.8269226891653878 0.874283926827567 0.2510173661368234 0.2504185267857143
3 0.47747911725725445 0.063947251864842 0.22488324982779367 0.127894503729684
3 0.4686239106314523 0.9438661847795758 0.4644519260951451 0.11172791889735631
3 0.38203539167131695 0.4002148423876081 0.3516904967171805 0.23785134724208287