3 0.4532529967171805 0.49229090554373606 0.2846075807298933 0.2977581024169922
3 0.8533999579293388 0.3903888634272984 0.2922417095729283 0.3389451163155692
3 0.2573349305561611 0.20884718213762557 0.2939394882747105 0.38221856525966097
3 0.7211506026131767 0.18043010575430735 0.3699108191898891 0.35930313382829937
3 0.6596855436052594 0.4490194320678711 0.16537209919520787 0.20772818156651088
3 0.5453858375549316 0.8043904985700335 0.36073153359549387 0.3786689213344029
3 0.06703039152281624 0.1498310395649501 0.1340607830456325 0.29929961477007183
3 0.19936917509351457 0.7870629855564663 0.340869528906686 0.4245338439941406
3 0.8716152736118862 0.7598785672869001 0.25626659393310547 0.34310797282627653
3 0.1535236154283796 0.4604177474975586 0.3068815640040806 0.3085426943642752
3 0.48687195777893066 0.25429975986480713 0.21944284439086914 0.25632166862487793
3 0.39684925760541645 0.05249384471348354 0.23172169072287424 0.104479261807033