3 0.14866799967629568 0.39786618096487864 0.29733599935259136 0.21741543497358048
3 0.2894981588636126 0.7892190388270787 0.30336393628801617 0.3347935676574707
3 0.7550300870622907 0.8111553192138672 0.3578829084123884 0.3762953622000558
3 0.5215210914611816 0.6835408210754395 0.24856952258518764 0.35650788034711567
3 0.8752444812229702 0.47731021472385954 0.2482595443725586 0.27137395313807894
3 0.45528834206717356 0.9206611088344029 0.279794556753976 0.15819910594395228
3 0.8180821282523019 0.6546077047075544 0.3616022382463728 0.2780102321079799
3 0.11878461497170585 0.6284574781145368 0.23706977707999094 0.3497112819126674
3 0.9290460859026227 0.9078659330095563 0.14133514676775252 0.18296221324375697
3 0.6478687013898577 0.3846856525966099 0.2508774825504848 0.28604296275547575
3 0.4215357644217355 0.14294191769191197 0.2711818218231201 0.19145095348358154
3 0.33141606194632395 0.5206298828125 0.26748803683689665 0.21581898416791642