3 0.7633229664393834 0.1818648406437465 0.32656560625348774 0.19284825665610178
3 0.7612183434622628 0.06140533515385219 0.24654783521379744 0.12281067030770439
3 0.2014094591140747 0.6229186739240374 0.3166583265577044 0.22022121293204172
3 0.20992917673928396 0.457169703074864 0.3581541265760149 0.18067407608032227
3 0.4794715472630092 0.32727071217128206 0.2976570129394531 0.2122467585972377
3 0.7377412659781319 0.37120676040649414 0.3551668439592634 0.210337724004473
3 0.9318921225411552 0.11531801734651838 0.13507141385759627 0.2289975881576538
3 0.4853003365652902 0.5896754264831543 0.2605006354195731 0.20261059488568986
3 0.8697297913687569 0.48515490123203825 0.26054041726248606 0.30325753348214285
3 0.41949387959071566 0.9434071949550084 0.21662252289908274 0.11217914308820452
3 0.588116100856236 0.09207173756190709 0.19733599254063197 0.18414347512381418
3 0.7476355007716587 0.6340459414890834 0.28507600511823383 0.32412525585719515
3 0.948887552533831 0.2892225129263742 0.10174104145595006 0.12226530483790807
3 0.6456841741289411 0.8811235427856445 0.2608421870640346 0.236663818359375
3 0.6458680289132255 0.8817818505423409 0.2612536975315639 0.2358433178492955