3 0.7299579892839704 0.22568392753601074 0.3260400635855539 0.20843771525791713
3 0.7234155109950474 0.4276831490652902 0.3664276259286063 0.22097689764840261
3 0.7071347236633301 0.09304545606885638 0.2535358156476702 0.1485295295715332
3 0.9100663321358817 0.13825567279543197 0.17910351072038924 0.2584414652415684
3 0.17414091314588273 0.7567222458975655 0.34828182629176546 0.308680670601981
3 0.4817006587982178 0.661761828831264 0.28232949120657785 0.21344654900687082
3 0.19977504866463797 0.9007531574794224 0.30163655962262836 0.19794498171125138
3 0.30094943727765766 0.3435135228293283 0.19944119453430176 0.17245406763894217
3 0.4798098972865513 0.6616211618695941 0.27951979637145996 0.21330792563302176
3 0.428443329674857 0.8643349920000348 0.293642384665353 0.2435272761753627
3 0.4995795999254499 0.07494451318468366 0.19559744426182338 0.14972352981567383