3 0.17465853691101074 0.7614496776035854 0.3466339792524065 0.2318878173828125
3 0.4801902770996094 0.6974145344325474 0.2818356922694615 0.2213224002293178
3 0.9049600873674665 0.16328820160457067 0.18910537447248185 0.26279028824397493
3 0.4388461112976074 0.4245831625802176 0.3030149255480085 0.23357769421168736
3 0.43695415769304546 0.8909267698015485 0.2991086074284145 0.21739707674298966
3 0.2815897635051182 0.21594478402818953 0.28154471942356657 0.156325101852417
3 0.17649299757821219 0.14106009687696183 0.1421324610710144 0.15654638835362025
3 0.7229111535208566 0.2547461475644793 0.32470147950308664 0.2091522557394845
3 0.6766862869262695 0.9331521987915039 0.2345561981201172 0.13257755552019393
3 0.6949576650347028 0.11495249611990792 0.2534552642277309 0.1556123665400914
3 0.28820174080984934 0.37131292479378836 0.1971825190952846 0.17144153799329484