3 0.0741067613874163 0.454247202192034 0.14796594211033412 0.2980339527130127
3 0.3068084035600935 0.4037041664123535 0.2800978592463902 0.31454665320260183
3 0.053806811571121216 0.16679721219199045 0.10671015296663557 0.2445474692753383
3 0.8015297480991909 0.32419770104544504 0.2825673648289272 0.2725741182054792
3 0.7694544110979352 0.07583401884351458 0.19026878901890346 0.15038490295410156
3 0.05108839699200222 0.9095730100359235 0.10195761919021606 0.18059192384992326
3 0.5015538079398019 0.10714195455823626 0.2060884748186384 0.21428390911647252
3 0.6911393574305943 0.517371586390904 0.2998983519417899 0.3543010779789516
3 0.16987276077270508 0.8105630874633789 0.21068486145564488 0.19459983280726842
3 0.1917334965297154 0.15906715393066406 0.1928814479282924 0.19381725788116455
3 0.05230667335646493 0.6998863220214844 0.10447356530598231 0.20304625374930246
3 0.9323757716587612 0.17942689146314347 0.13524838856288365 0.16791888645717076
3 0.1638126884187971 0.9503085953848702 0.2551816872188023 0.09869616372244698
3 0.968010493687221 0.3369006429399763 0.06302370343889509 0.198323232786996
3 0.9495796476091657 0.9277042661394391 0.09981938770839147 0.14364126750401088
3 0.9434535162789481 0.6759465081351144 0.11228118624005999 0.1930044719151088