3 0.41384404046194895 0.7288581303187779 0.2565481151853289 0.2517645699637277
3 0.11546458516802106 0.443260737827846 0.2305494717189244 0.2483226571764265
3 0.2725978408540998 0.5772817475455148 0.2668356554848807 0.2838144302368164
3 0.5888648714338031 0.23553551946367537 0.21066267149788992 0.23958900996616908
3 0.4774272782461984 0.47185277938842773 0.21101764270237514 0.27286859921046663
3 0.653071403503418 0.8707003593444824 0.29592268807547434 0.25800323486328125
3 0.6723494529724121 0.5653914383479527 0.30929320199148996 0.37639297757829937
3 0.8815791947501046 0.740044185093471 0.23596150534493582 0.37666429792131695
3 0.42942656789507183 0.9265520913260323 0.20437771933419363 0.14640004294259207
3 0.3108391761779785 0.36243152618408203 0.23291373252868652 0.17503898484366281
3 0.10888573953083583 0.6980674607413155 0.2157327617917742 0.21210180010114396
3 0.18413833209446498 0.8573260988507952 0.3211827278137207 0.28430802481515066
3 0.836982182094029 0.28208974429539274 0.32565341676984516 0.23002915722983225