3 0.5454502105712891 0.37420688356672016 0.3064906597137451 0.27757396016802105
3 0.6266848019191197 0.13108153002602713 0.1907190935952323 0.1904590470450265
3 0.8493460246494838 0.20282711301531112 0.3000619752066476 0.28784111567905973
3 0.8367733955383301 0.8164241654532296 0.325951167515346 0.3524218967982701
3 0.6550615174429757 0.9266062464032855 0.22949273245675222 0.1459035873413086
3 0.39928885868617464 0.15293070248195104 0.2747586795261928 0.273897579738072
3 0.894047464643206 0.3981563704354422 0.2115600449698312 0.2216454574040004
3 0.2039614064352853 0.2743391990661621 0.1813771894999913 0.213389413697379
3 0.3828989437648228 0.5596258980887276 0.2591992276055472 0.23845999581473215
3 0.1275572861943926 0.5421269961765834 0.2547526870455061 0.33333873748779297
3 0.0606863158089774 0.2791104657309396 0.12101001398903984 0.24584625448499406
3 0.5441694940839495 0.7126917157854352 0.26235134260995047 0.2564724513462612
3 0.7593960080827985 0.03187988059861319 0.15458849498203822 0.06375976119722639
3 0.7007920401436942 0.3120908396584647 0.1720777920314244 0.20145266396658762
3 0.07964727708271571 0.7638312748500279 0.1585808311189924 0.2918843541826521
3 0.9311625616891044 0.6156870978219169 0.13670424052647182 0.21202560833522252
3 0.3178586959838867 0.40514254570007324 0.19653495720454625 0.15467596054077148
3 0.7091106687273298 0.5826939855303083 0.250253473009382 0.2115302426474435
3 0.18258730002811976 0.04925350631986346 0.2336106640951974 0.09850701263972692
3 0.0877565826688494 0.11882214035306658 0.17493980271475656 0.1923124279294695
3 0.4806699752807617 0.9062376022338867 0.194171598979405 0.1864604949951172