3 0.12629521744591848 0.26555183955601286 0.2524540254047939 0.3945739609854562
3 0.3507307938167027 0.2986229487827846 0.24065148830413818 0.2663276195526123
3 0.30714218957083567 0.5481487001691546 0.31898031915937153 0.32470795086451937
3 0.39564527784075054 0.8475305012294224 0.4054265703473772 0.3044189725603376
3 0.5831383296421596 0.20934748649597168 0.40346240997314453 0.37775278091430664
3 0.10686478444508143 0.8277794974190849 0.21320787497929164 0.34313903536115375
3 0.782597541809082 0.43332365580967497 0.4348048482622419 0.3666447230747768
3 0.10707280465534755 0.8283420290265765 0.213643022945949 0.3428253446306501
3 0.07564189604350499 0.5490544523511615 0.15056032793862478 0.26042536326817106
3 0.536630358014788 0.4981762681688581 0.16144238199506486 0.2211010115487235
3 0.04338581647191729 0.0344391976084028 0.08624222448893956 0.06881663628986903