3 0.42752487318856375 0.9009229115077427 0.5131159509931292 0.19746242250714982
3 0.09116748401096889 0.30361458233424593 0.18184488160269602 0.25302861418042866
3 0.5620571545192173 0.6295302254813058 0.33628385407584055 0.4745055947984968
3 0.13025600569588797 0.0744178295135498 0.26008057594299316 0.14842888287135533
3 0.31253160749162945 0.7088418688092913 0.31873035430908203 0.29610913140433176
3 0.8562368665422712 0.3563202789851597 0.2870586259024484 0.26949175766536165
3 0.37444019317626953 0.30781963893345426 0.36734962463378906 0.24447648865836008
3 0.6517694337027413 0.12462592976433891 0.21068341391427176 0.24913537502288818
3 0.23399032865251815 0.1662027154650007 0.18866041728428432 0.16059153420584543
3 0.808924674987793 0.8379787717546735 0.26337296622140066 0.3233064242771694
3 0.07845053502491542 0.761268070765904 0.15671006270817348 0.41958509172712055
3 0.9597662517002651 0.7449622835431781 0.08006613595145089 0.4410865988050188
3 0.2167891604559762 0.48592117854527067 0.37684035301208496 0.19785271372113908
3 0.4514196940830776 0.16262359278542654 0.2386824403490339 0.17992189952305385