3 0.824580192565918 0.8713993344988141 0.3507324627467564 0.2566291945321219
3 0.126539945602417 0.8636105401175362 0.25280703817095074 0.27214254651750835
3 0.5645010811941964 0.9392493792942592 0.20639818055289133 0.1204885755266462
3 0.4146676404135568 0.8152795519147601 0.28647163936070036 0.35322325570242746
3 0.6651717594691685 0.7567590985979352 0.23473296846662248 0.250856740134103
3 0.8994456018720355 0.6608054297310966 0.19977855682373047 0.3830298696245466
3 0.22898238045828684 0.6991540363856724 0.19028290680476598 0.1968700545174735
3 0.9145675386701312 0.2199509654726301 0.17003590720040457 0.19005022730146134
3 0.6084723472595215 0.34417799540928434 0.24617947850908553 0.26389319556100027
3 0.5050837993621826 0.5159069810594831 0.98894316809518 0.9484073775155204
3 0.6458428246634347 0.16491273471287318 0.17838232857840403 0.1559128761291504
3 0.3222741058894566 0.10708858285631452 0.14985154356275285 0.15866013935634068
3 0.21318037169320242 0.22981020382472447 0.1725306510925293 0.2257235390799386
3 0.2915981837681362 0.45100716182163786 0.19421557017735072 0.199648312159947
3 0.46618785176958355 0.6284491675240653 0.21596343176705496 0.15748558725629533
3 0.9330085345676967 0.40284221512930735 0.13308375222342356 0.18586063385009766
3 0.11259761026927403 0.1181229863848005 0.18389948776790074 0.17426521437508719
3 0.4563667433602469 0.48482230731419157 0.18513267380850656 0.1654198510306222
3 0.06879033361162458 0.27201671259743826 0.13758066722324916 0.15501911299569265
3 0.06973513960838318 0.6960381780351911 0.1390595521245684 0.18616417476109096
3 0.7970190048217773 0.3252053941999163 0.1493819100516183 0.13775931085859025
3 0.47756992067609516 0.20462427820478166 0.15523661885942733 0.15109200137002127
3 0.811762945992606 0.4753059319087437 0.23476975304739817 0.21162775584629603
3 0.5488373552049909 0.08432595218930926 0.16940150942121232 0.10482702936444964
3 0.11615857907703944 0.5014841215951102 0.2018906899860927 0.2138101373400007