3 0.4218249661581857 0.6272035326276507 0.4231730188642229 0.40304984365190777
3 0.6045873505728585 0.8895766394478934 0.36222570283072336 0.22046749932425364
3 0.7035622596740723 0.0826243417603629 0.230987548828125 0.16513359546661377
3 0.23547567640032088 0.09860442365918841 0.2702364070074899 0.19720884731837682
3 0.33879317556108746 0.2960784775870187 0.3362131799970354 0.3163837364741734
3 0.09523566280092512 0.23879468441009521 0.1901625054223197 0.21175674029758998
3 0.9221256119864327 0.963038580758231 0.15292508261544363 0.07299729755946568
3 0.16570971693311418 0.8236799240112305 0.3301678044455392 0.3032020160130092
3 0.904010568346296 0.7593090874808175 0.190610476902553 0.300985472542899
3 0.4535867486681257 0.04272318737847464 0.25679404394967215 0.08544637475694929
3 0.5074532372610909 0.16920438834599086 0.2071828842163086 0.24143542562212264
3 0.9006681442260742 0.08676751170839582 0.19722018923078263 0.17326196602412633
3 0.7974933896745954 0.8435159410749163 0.1680997439793178 0.19347946984427317
3 0.06634326917784554 0.6190824508666992 0.13195111921855382 0.2035707405635289
3 0.15839391095297678 0.40852536473955425 0.19609000001634871 0.21942976542881557
3 0.3359295300074986 0.9331884384155273 0.23654448986053467 0.13264690126691545
3 0.03471486483301435 0.40616233008248465 0.06921727316720146 0.22966231618608748
3 0.6798503739493233 0.7262496948242188 0.13492815835135324 0.1641552107674735
3 0.6575884819030762 0.25513977663857595 0.2497201987675258 0.20620022501264298
3 0.17659814017159597 0.5872667857578823 0.11615480695452009 0.17708090373447963