3 0.4387262208121164 0.7797263009207589 0.26206159591674805 0.25268895285470144
3 0.298677853175572 0.6215687479291644 0.2780525173459734 0.29025745391845703
3 0.8969078063964844 0.8003285952976772 0.2051219940185547 0.3841052736554827
3 0.7013133593967983 0.6227530751909528 0.3109674113137381 0.38041506494794575
3 0.8501191139221191 0.3300542490822928 0.2992086410522461 0.2340557404926845
3 0.6804184232439313 0.9011152812412807 0.29904154368809294 0.19707332338605607
3 0.6117753982543945 0.2759145327976772 0.2183849130358015 0.2408379316329956
3 0.5004757472446987 0.5146914209638324 0.22156047821044922 0.2835603100912912
3 0.12824786560876028 0.48509434291294645 0.24420835290636336 0.26235566820417133
3 0.4495022637503488 0.9526205062866211 0.19795782225472586 0.09376873288835798
3 0.32975445474897114 0.40063980647495817 0.23699562890189035 0.18115479605538504
3 0.1676018238067627 0.2926168441772461 0.26883324554988314 0.15195356096540177