3 0.7481216703142438 0.8880226271493095 0.27932677950177875 0.22301251547677176
3 0.48288822174072266 0.08116120951516288 0.25250257764543804 0.1619265420096261
3 0.3446176392691476 0.44637608528137207 0.2507565362112863 0.2871725218636649
3 0.5578602382114956 0.22974979877471924 0.29617585454668316 0.2533797195979527
3 0.2994097982134138 0.12072992324829102 0.1733551365988595 0.2407076699393136
3 0.15028597627367293 0.6409332411629813 0.30012924330575125 0.2221203190939767
3 0.6178220340183803 0.4202094078063965 0.32980128696986605 0.23759705679757254
3 0.16087780679975236 0.4207525593893869 0.19897396223885672 0.19513804571969168
3 0.9498992647443499 0.9222536087036133 0.09953076498849052 0.15450096130371094
3 0.7362433842250279 0.09714935507093157 0.2857940537588937 0.19429871014186315
3 0.08002965790884835 0.0970825127192906 0.15877468245370047 0.19297041211809432
3 0.22494283744267055 0.08644400324140276 0.15288676534380233 0.17288800648280553