3 0.8933995791843959 0.5748969486781529 0.21320084163120814 0.2565882546561105
3 0.6344542503356934 0.06916835478373937 0.23228209359305246 0.13777596609933035
3 0.42139138494219097 0.08852698121752058 0.20870610645839147 0.16579287392752512
3 0.7064095224652972 0.8033838272094727 0.28760130064828054 0.376373291015625
3 0.2887932573046003 0.1980971097946167 0.3213717256273542 0.31207360540117535
3 0.5170057160513741 0.47334636960710796 0.5502849646977016 0.3009187494005476
3 0.7833074842180524 0.30788581711905344 0.20029960359845841 0.3412801538194929
3 0.0755596501486642 0.20114191940852574 0.15096824509756906 0.26231183324541363
3 0.5850250380379813 0.23134987694876535 0.2717982360294887 0.266047613961356
3 0.9166267258780343 0.8517885889325824 0.1656669889177595 0.29598563058035715
3 0.10980815546853202 0.7181802477155413 0.21938552175249373 0.28304011481148855
3 0.12747394187109812 0.4555912699018206 0.25454468386513845 0.25874924659729004
3 0.19392475060054234 0.04798245429992676 0.2781496899468558 0.09596490859985352
3 0.9285550798688617 0.3755406992776053 0.14015579223632812 0.18884251798902238
3 0.12173925978796822 0.45480081013270784 0.24307967935289657 0.2508764607565744