3 0.33576345443725586 0.408121006829398 0.2714672940117972 0.3086784226553781
3 0.09024098941258021 0.4513312748500279 0.18006978716169084 0.29227583748953684
3 0.8242814200265067 0.3362314701080322 0.27966751371111187 0.26513946056365967
3 0.7175815446036202 0.5244697843279157 0.29505062103271484 0.3591195855821882
3 0.2210146869931902 0.16968674319131033 0.18914689336504256 0.18993091583251953
3 0.9293929508754185 0.5187209674290248 0.14037357057843888 0.17467400005885533
3 0.5275956903185163 0.11270642280578613 0.20537451335362025 0.22541284561157227
3 0.06792696458952767 0.17050504684448242 0.13526736838477 0.23215207031794957
3 0.9529014314923968 0.6836239950997489 0.09326362609863281 0.18844318389892578
3 0.060017023767743795 0.905576229095459 0.11984074115753174 0.18825244903564453
3 0.790956837790353 0.09126743248530797 0.19185120718819754 0.15079671995980398
3 0.19674583843776158 0.808537483215332 0.2038301740373884 0.18876654761178152
3 0.18968347140720912 0.9485801969255719 0.2541150876453945 0.10212973185947963
3 0.8372666495186942 0.6718696866716657 0.1440645626613072 0.1770493643624442
3 0.3556583949497768 0.227618864604405 0.17114191395895823 0.1129403965813773
3 0.295565060206822 0.08617272547313146 0.1632202182497297 0.1650794403893607
3 0.36703709193638395 0.7027190753391811 0.1699643475668771 0.19337749481201172
3 0.5023057801382882 0.48785199437822613 0.9890083585466657 0.9737366948808942
3 0.959468160356794 0.932910714830671 0.08004134041922432 0.13251917702811106
3 0.1529053279331752 0.3386353424617222 0.18752077647617885 0.17212179728916713