3 0.6061625480651855 0.6002796718052456 0.32871695927211214 0.35148569515773226
3 0.059994637966156006 0.6058957917349679 0.11970652852739606 0.27605325835091726
3 0.25843002114977154 0.5328897748674665 0.25638467924935476 0.3014575072697231
3 0.909928458077567 0.890007563999721 0.1788208144051688 0.21937479291643416
3 0.439140932900565 0.19374125344412668 0.2377293450491769 0.21963085447038924
3 0.1802396603993007 0.30455643790108816 0.1724248273032052 0.18402229036603654
3 0.7313214710780552 0.37679597309657503 0.3139943395342146 0.28515427453177317
3 0.9023893901279995 0.5429844856262207 0.1952211516244071 0.1899887834276472
3 0.7330664225987026 0.9384887559073312 0.21003314426967076 0.12217766898018974
3 0.05813651851245335 0.34719293458121164 0.11620685883930751 0.18938512461526052
3 0.05564232383455549 0.9709171567644391 0.11010318143027169 0.05762406757899693
3 0.18281752722603933 0.9146584102085659 0.20254826545715332 0.1700242587498256
3 0.9405637468610492 0.7175288881574359 0.11814921242850167 0.20874745505196707
3 0.6694848878043038 0.8496149608067104 0.15815162658691406 0.16566215242658341
3 0.39156348364693777 0.696577617100307 0.2076143196650914 0.24463040488106863
3 0.7365137508937291 0.11479878425598145 0.17576776232038224 0.16539410182407924