3 0.5535290581839425 0.7983712468828473 0.32542991638183594 0.3505777631487165
3 0.4788064956665039 0.49443823950631277 0.2777001176561628 0.2951712948935373
3 0.2901630401611328 0.2110145092010498 0.2837913376944406 0.379889760698591
3 0.8640398297991071 0.4021824768611363 0.27125814982822966 0.3316164016723633
3 0.6860683986118862 0.45644562585013254 0.16929224559238978 0.20449437413896834
3 0.7454784257071358 0.18463444709777832 0.3573493957519531 0.3639313834054129
3 0.5187208993094308 0.25928105626787457 0.204970189503261 0.2493905850819179
3 0.8762186595371791 0.7583711487906319 0.24676227569580078 0.3488344464983259
3 0.7685903821672712 0.9456253051757812 0.246870790209089 0.10770831789289202
3 0.22739270755222865 0.7861968449183873 0.33261312757219585 0.4266607420785086
3 0.1682936464037214 0.4555581637791225 0.3365872928074428 0.3121707098824637