3 0.10019275120326451 0.4740035193307059 0.20032293455941336 0.2458055019378662
3 0.12365772042955671 0.19104487555367605 0.24731544085911342 0.19876057761056082
3 0.5728540420532227 0.7791025979178292 0.3446006774902344 0.4411616325378418
3 0.24331324441092356 0.31490332739693777 0.187127879687718 0.18793266160147531
3 0.3524369852883475 0.8558523995535714 0.28479104382651194 0.28571033477783203
3 0.045984400170189996 0.6633642741612026 0.09170294659478324 0.18413962636675155
3 0.3812234401702881 0.4591592379978725 0.3511362075805664 0.23569914272853307
3 0.8379476411002023 0.8990225791931152 0.24379416874476842 0.20157296316964285
3 0.44884020941598074 0.2903876304626465 0.22761804716927664 0.20118008341108048
3 0.8143157958984375 0.6869468688964844 0.3162803649902344 0.22926500865391322
3 0.24804893561771937 0.6396703720092773 0.3308515889304025 0.19743977274213517
3 0.4731222561427525 0.08052405289241246 0.2276594979422433 0.16104810578482492