3 0.7257277624947684 0.11222444261823382 0.3586181231907436 0.1826608521597726
3 0.17891127722603933 0.5156651224408831 0.3071057455880301 0.20375374385288783
3 0.8300018991742816 0.9166284288678851 0.33711092812674387 0.16657393319266184
3 0.3759834085191999 0.08286233459200178 0.2677370991025652 0.16277519294193812
3 0.4648399353027344 0.24088421889713832 0.2922015871320452 0.2172551495688302
3 0.34886796133858816 0.8878109795706612 0.30297681263514925 0.22289814267839705
3 0.5747197014944894 0.8291068758283343 0.25079917907714844 0.34156322479248047
3 0.15461002077375138 0.7640977587018695 0.2560955796922956 0.34544944763183594
3 0.45451763698032926 0.49912868227277485 0.25316483633858816 0.19415368352617537
3 0.7647223472595215 0.3606757436479841 0.46837680680411203 0.3507324286869594
3 0.3744810308728899 0.6669900076729911 0.2785849060331072 0.2239992277962821
3 0.20418282917567662 0.37013278688703266 0.336815425327846 0.16422499929155623
3 0.9044765744890485 0.6612998417445591 0.189835752759661 0.2649309294564383