3 0.9333955219813755 0.6219941547938755 0.13264499391828263 0.24590703419276647
3 0.7342914853777204 0.10140328747885567 0.2193296296255929 0.2008462633405413
3 0.9406700134277344 0.032075996909822733 0.118516172681536 0.06415199381964547
3 0.1917323214667184 0.7197017669677734 0.2807879788534982 0.26386070251464844
3 0.5360730375562396 0.14608401911599295 0.19864320755004883 0.1493954999106271
3 0.6179510525294712 0.5107372828892299 0.5023600714547294 0.28932857513427734
3 0.06704709785325187 0.13949591772896902 0.1337763156209673 0.27899183545793804
3 0.33087185450962614 0.06750221337590899 0.27776622772216797 0.13462675469262259
3 0.21769745009286062 0.47331353596278597 0.30022832325526644 0.23031020164489746
3 0.41816868100847515 0.9409144946507045 0.2580822876521519 0.1170196533203125
3 0.1797055687223162 0.9223611695425851 0.28341712270464214 0.15500599997384207
3 0.17282513209751674 0.23313750539507186 0.2220485040119716 0.24641616003853933
3 0.06223045076642718 0.39330380303519114 0.1243440934589931 0.219158479145595
3 0.7913673945835659 0.8258804593767438 0.2685078893389021 0.3471595900399344