3 0.2197227988924299 0.11831707613808769 0.2874541623251779 0.23663415227617537
3 0.42886618205479216 0.7333275931222099 0.4272623062133789 0.4267646925789969
3 0.7208348001752581 0.11785374368940081 0.24029500143868582 0.23570748737880162
3 0.1651292187826974 0.8860487937927246 0.32989944730486187 0.2276874269757952
3 0.3402103696550642 0.37642349515642437 0.35630484989711214 0.3378896713256836
3 0.09356698819569179 0.26668996470315115 0.18713397639138357 0.24085014207022531
3 0.47383131299700054 0.05862853356770107 0.3095673492976597 0.11725706713540214
3 0.06323070185525077 0.6923879895891462 0.12577857289995467 0.2427652222769601
3 0.6024130412510463 0.9432753154209682 0.3284361021859305 0.11231020518711635
3 0.14826362473624094 0.46034554072788786 0.21635540894099645 0.23713724953787668
3 0.5155067443847656 0.2157581193106515 0.2246450696672712 0.2546774319240025
3 0.9131521497453962 0.12883982488087245 0.17242370332990373 0.25695581095559256