3 0.6583738327026367 0.07688158750534058 0.23061466217041016 0.15376317501068115
3 0.9040709904261998 0.5885696411132812 0.19185801914760045 0.2549705505371094
3 0.5397695132664272 0.48214694431849886 0.5430563858577183 0.2953129836491176
3 0.12208841528211321 0.7192856924874442 0.24374406678336008 0.28230224336896625
3 0.13881108590534755 0.45846595082964214 0.2769934960774013 0.2501744542803083
3 0.9261304310389927 0.8569543702261788 0.14646496091570174 0.28511578696114676
3 0.3177305630275181 0.2066582100731986 0.32043940680367605 0.30519298144749235
3 0.4479751927512033 0.10363508973802839 0.2042523111615862 0.160670348576137
3 0.22306317942483084 0.05088643942560468 0.28879339354378836 0.10159072705677577
3 0.22283496175493514 0.051010966300964355 0.28714888436453684 0.10202193260192871
3 0.7254628453935895 0.8087700435093471 0.28367110661097933 0.37264060974121094