4 0.15899108137403214 0.6101911408560616 0.31415084430149626 0.7738761901855469
4 0.6760254587445941 0.5531694207872663 0.22608072417122976 0.8781192643301827
4 0.6839983803885323 0.5470950944083077 0.23048441750662668 0.8911978857857841
4 0.4638607842581613 0.6106281280517578 0.2482665947505406 0.7721306255885533
4 0.30392013277326313 0.5917963981628418 0.27829822472163607 0.809624263218471
4 0.962078503199986 0.5150311674390521 0.07550546101161412 0.41585070746285574
4 0.06713500193187169 0.09813297646386283 0.13417819568089076 0.1952862569264003
4 0.8713677951267788 0.5797651835850307 0.21235929216657365 0.8361184937613351
4 0.8691864694867816 0.6090124675205776 0.20989513397216797 0.7792284148080009
4 0.11628954751150948 0.5288281781332833 0.23028411184038436 0.9167705944606236
4 0.3059056145804269 0.583655766078404 0.2921717166900635 0.8287803104945591