4 0.5173547608511788 0.7570340292794364 0.3864936488015311 0.48401962007795063
4 0.9695301055908203 0.9205947603498187 0.06037214824131557 0.1588104111807687
4 0.7273657662527901 0.7444071088518415 0.19238948822021484 0.5106513159615653
4 0.7248494284493583 0.74307952608381 0.18832567759922572 0.5112052645002093
4 0.31036857196262907 0.7126859937395368 0.1669367892401559 0.5707804475511823
4 0.6035896709987095 0.7126498903547015 0.17700903756277903 0.4847818102155413
4 0.8114827701023647 0.7426477159772601 0.18399524688720703 0.5137000765119281
4 0.12762626579829625 0.6848666327340263 0.13886949845722743 0.40458658763340544
4 0.12798907927104405 0.687051500592913 0.13816470759255545 0.40663276399884907
4 0.3137620857783726 0.7143989290509906 0.17022808960505895 0.571202107838222
4 0.50056334904262 0.49905824661254883 0.9968553270612445 0.9981164932250977