0 0.09846068280083793 0.13746041910988943 0.1964282819202968 0.27366314615522114
0 0.18351663861955916 0.4920900889805385 0.3668504442487444 0.38803608076913015
0 0.9106063842773438 0.4473184176853725 0.17762599672589982 0.2775405134473528
0 0.07880571910313197 0.8370475769042969 0.15740833963666642 0.32590484619140625
0 0.7558135986328125 0.2974914142063686 0.266110965183803 0.26079206807272776
0 0.6419642993382045 0.9302112034388951 0.2076577799660819 0.13874319621494838
0 0.46659769330705914 0.6540121350969587 0.3810517447335379 0.405728851045881
0 0.3436721052442278 0.08030026299612862 0.2596251794270107 0.15987481389726912
0 0.40594376836504253 0.3444805485861642 0.2553227288382394 0.26568535396030973
0 0.6823996816362653 0.5422861916678292 0.29922304834638325 0.32815357616969515
0 0.6356357846941266 0.09888052940368652 0.26047917774745394 0.19776105880737305
0 0.8707128252301898 0.7011812073843819 0.2576885223388672 0.30399935586111887
0 0.8992793219430106 0.06759056023189 0.20108733858380998 0.13443381445748465
0 0.4822422776903425 0.5066647189004081 0.927980763571603 0.9474042483738491
0 0.9639105115618024 0.21209405149732316 0.07172645841326032 0.20530295372009277