0 0.8174446650913784 0.4465874263218471 0.36511060169764925 0.39506902013506207
0 0.47375971930367605 0.8627587045942035 0.4366401604243687 0.274191038949149
0 0.1397364820752825 0.7855457578386579 0.279472964150565 0.38433776582990375
0 0.49626963479178293 0.5681641442435128 0.36080632890973774 0.3477344512939453
0 0.7871108736310687 0.8040120261056083 0.35917418343680246 0.3309457642691476
0 0.3947198050362723 0.24144843646458217 0.213400023324149 0.19541522434779576
0 0.924651963370187 0.2288634947368077 0.1500093596322196 0.21645828655787877
0 0.09332008872713361 0.4444331441606794 0.18664017745426723 0.20385503768920898
0 0.4793869767870222 0.08545512812478202 0.2830283982413156 0.17091025624956405
0 0.14917097772870744 0.2131577730178833 0.2974311283656529 0.31358483859470915
0 0.7995381355285645 0.06700049553598676 0.26647472381591797 0.13237683262143815
0 0.3111632892063686 0.4234278542654855 0.27984326226370676 0.2828067881720407
0 0.20005772794995988 0.04961024863379342 0.25424660955156597 0.09922049726758685
0 0.8009349278041294 0.9649389811924526 0.29066126687186106 0.06939738137381417
0 0.8014475958687919 0.9639383043561663 0.2859255245753697 0.07153020586286273
0 0.17579739434378489 0.5920727593558175 0.2539691414151873 0.2132361957005092
0 0.7291666439601353 0.1607254913875035 0.26524857112339567 0.25480406624930246