0 0.426628725869315 0.8097776004246303 0.3996730531964983 0.37746143341064453
0 0.11781265905925206 0.8277057920183454 0.23504657404763357 0.33007887431553434
0 0.9182725633893695 0.19758243220193045 0.16243553161621094 0.33944616998944965
0 0.7359518323625837 0.09137422697884696 0.33112846102033344 0.18265642438616073
0 0.7781355721609933 0.6758950097220284 0.3586970056806292 0.34659249441964285
0 0.10693555218832833 0.39167680059160503 0.2137798241206578 0.308403560093471
0 0.4334708963121687 0.4381183556147984 0.48337956837245394 0.3865139143807547
0 0.8777666773114886 0.4944231169564383 0.24338912963867188 0.2671678066253662
0 0.7210827554975238 0.3112551144191197 0.256171635219029 0.28955200740269255
0 0.27114393029894146 0.14594009944370814 0.36112046241760254 0.2918801988874163
0 0.5330369813101632 0.9740724563598633 0.29392681803022114 0.05117259706769671
0 0.08636528253555298 0.5978734833853585 0.1723865270614624 0.18328424862452916
0 0.5138448987688337 0.1569826943533761 0.2122863701411656 0.26580584049224854