0 0.6282245091029576 0.553483077457973 0.25827387401035856 0.26707918303353445
0 0.43172999790736605 0.6435999870300293 0.160602263041905 0.20130215372358048
0 0.05668653334890093 0.9494143894740513 0.11290035077503749 0.10021781921386719
0 0.36525487899780273 0.0670722212110247 0.2386077812739781 0.13362385545458114
0 0.7304139818464007 0.3480424199785505 0.3104104314531599 0.233382020677839
0 0.3293553420475551 0.9477215494428363 0.1853604487010411 0.10408401489257812
0 0.16241599832262313 0.4299125671386719 0.20463051114763534 0.2031961168561663
0 0.1338862180709839 0.3137228148324149 0.1919895580836705 0.15059985433306014
0 0.28434693813323975 0.8015485491071429 0.27915998867579866 0.2744189671107701
0 0.15047475269862584 0.16819536685943604 0.16739596639360702 0.16148686408996582
0 0.0916128158569336 0.686192512512207 0.18296664101736887 0.2530162675040109
0 0.5101132392883301 0.4598709855760847 0.22077216420854842 0.23503242220197404
0 0.3360364096505301 0.34886891501290457 0.21763031823294504 0.2503347226551601
0 0.5925539561680385 0.08243599959782191 0.16036054066249303 0.16487199919564383
0 0.05580092753682818 0.5015514578138079 0.11143422978264945 0.18054873602730886
0 0.7908926010131836 0.5520333562578473 0.11888892310006278 0.18343571254185267
0 0.14500858102525985 0.04679282222475324 0.2127678394317627 0.09358564444950648