0 0.44612877709524973 0.7903149468558175 0.3073798247746059 0.32936075755528044
0 0.16240152290889195 0.8387655530657087 0.3239849294934954 0.3212015288216727
0 0.6892193385532924 0.7029244559151786 0.3320340769631522 0.36201255662100656
0 0.8691223008292062 0.8775954927716937 0.2608013153076172 0.24446371623447963
0 0.39186062131609234 0.5833133969988141 0.2841219902038574 0.2662456376211984
0 0.06411049621445793 0.19108920437949045 0.12822099242891585 0.27778778757367817
0 0.15438146250588552 0.563805069242205 0.23117150579180037 0.24870375224522182
0 0.8401118687220982 0.2403372355869838 0.31951706750052317 0.34051922389439176
0 0.6258453641619001 0.9364414215087891 0.1937716347830636 0.12642478942871094
0 0.43832806178501676 0.3521178790501186 0.2253716332571847 0.24050840309688024
0 0.18999172960008895 0.3504960536956787 0.29200707163129536 0.26243620259421213
0 0.5240297317504883 0.13744068145751953 0.299854040145874 0.27261699948992046
0 0.8979543958391462 0.56193665095738 0.20288733073643275 0.2710080827985491
0 0.22106122970581055 0.16208061150142125 0.20223937715802873 0.15937100137983048
0 0.30952794211251394 0.08621745450156075 0.17476906095232284 0.1724349090031215
0 0.49896669387817383 0.4994762284415109 0.997823851449149 0.983689444405692
0 0.6377544403076172 0.39515648569379536 0.19679594039916992 0.2505864415849958
0 0.04829754999705723 0.5140520504542759 0.09553509099142891 0.2586925710950579