0 0.5710411071777344 0.728759765625 0.3345686026981899 0.3499349185398647
0 0.3099771567753383 0.8359079360961914 0.40124259676252094 0.3275835854666574
0 0.07754723514829363 0.33994572503226145 0.1549560512815203 0.2552868809018816
0 0.319359506879534 0.5398054122924805 0.24856633799416677 0.2999074459075928
0 0.7097553525652204 0.42197482926504953 0.27921989985874723 0.27418386936187744
0 0.24346816539764404 0.18694497857775008 0.2423664161137172 0.30018278530665804
0 0.12710365227290563 0.7281275476728167 0.25376769474574495 0.3941030502319336
0 0.8831120899745396 0.5816037995474679 0.2326592036655971 0.3161937509264265
0 0.4505983420780727 0.3799249104091099 0.15420130320957728 0.20583466121128627
0 0.8417302540370396 0.8533614703587123 0.31653949192592074 0.29227025168282644
0 0.8383430753435407 0.10090503522327968 0.3215240069798061 0.20120935780661448
0 0.05651786071913583 0.946026257106236 0.11083617380687169 0.10737916401454381
0 0.13618740013667516 0.5068885939461845 0.18852792467389787 0.17936042376926967