0 0.8796849931989398 0.5464333466121128 0.23956830160958426 0.2982844625200544
0 0.6267572130475726 0.4269242286682129 0.30511907168797087 0.32798995290483746
0 0.1841331890651158 0.9248512131827218 0.2954984392438616 0.1497241428920201
0 0.23591457094464982 0.7461496080671038 0.26109470639910015 0.2855792726789202
0 0.061036105666841776 0.7465863909040179 0.12179470913750785 0.2359348705836705
0 0.4278038569859096 0.21329971722194127 0.21133460317339217 0.2189605576651437
0 0.6710827010018485 0.17117643356323242 0.21960384505135672 0.20701289176940918
0 0.36155775615147184 0.4361987795148577 0.27213544504983084 0.24442447934831893
0 0.45000151225498747 0.7026289531162807 0.264934812273298 0.30035761424473356
0 0.9238856179373605 0.3758021422794887 0.15136160169328963 0.08756113052368164
0 0.8204326629638672 0.7618983132498605 0.33300113677978516 0.25895445687430246
0 0.06900061454091753 0.37344769069126676 0.13783924068723405 0.2217088086264474
0 0.8499934332711356 0.9413558415004185 0.29413461685180664 0.1162952014378139
0 0.42866216387067524 0.0451825601713998 0.14774400847298758 0.0903651203427996
0 0.18792968136923655 0.5472631795065743 0.24654160227094377 0.20802927017211914
0 0.5753973552158901 0.10309960160936628 0.1350008419581822 0.12586450576782227
0 0.9655723571777344 0.2785368987492153 0.06792865480695452 0.15783357620239258
0 0.26862352234976633 0.17738303116389684 0.1814753498349871 0.14634500231061662
0 0.25514817237854004 0.3416083199637277 0.24635238306862967 0.2017646517072405
0 0.8691506385803223 0.24868897029331752 0.14165401458740234 0.19610386235373362
0 0.6301947321210589 0.652881417955671 0.2215543133871896 0.17459828513009207
0 0.5070359025682721 0.4798668452671596 0.9684774535042899 0.8873096193586077