0 0.48009020941598074 0.826915809086391 0.31938440459115164 0.3124418258666992
0 0.14807781151362828 0.6257588522774833 0.29615562302725656 0.30115226336887907
0 0.8206275531223842 0.8401578494480678 0.3578792299543108 0.31813131059919086
0 0.834930283682687 0.5081607954842704 0.32890067781720844 0.37607342856270926
0 0.15634174006325857 0.3308385780879429 0.31268348012651714 0.3007993698120117
0 0.3235415049961635 0.16973270688738143 0.33791872433253695 0.3386714117867606
0 0.7692324774605888 0.2047877652304513 0.33691344942365375 0.2624633823122297
0 0.4017462730407715 0.557509013584682 0.2839923756463187 0.28912343297685894
0 0.31497669219970703 0.967397826058524 0.28569012028830393 0.06408343996320452
0 0.5168171610151019 0.4131562369210379 0.3432818480900356 0.28443448884146555
0 0.5721760477338519 0.15412896020071848 0.22989368438720703 0.22767811162131174
0 0.9545066016060966 0.23706911291394914 0.0899737903050014 0.22628392492021834