0 0.17500957420894078 0.8538327898297992 0.33720667021615164 0.2913104466029576
0 0.8758501325334821 0.36656056131635395 0.24829980305262975 0.22626956871577672
0 0.11967461449759347 0.5126142161233085 0.23917736325945174 0.3125143732343401
0 0.2167111805507115 0.1580307653972081 0.26984921523502897 0.27750582354409353
0 0.7264877046857562 0.7126305443899972 0.3791938509259905 0.3903679166521345
0 0.3934077194758824 0.5421750886099679 0.399587835584368 0.40012128012520926
0 0.5273692948477608 0.10424137115478516 0.2762653146471296 0.2084827423095703
0 0.09633655207497734 0.32113470349993023 0.19203451701572963 0.21988543442317418
0 0.7929632323128837 0.13756723063332693 0.21396432604108537 0.2598690986633301
0 0.9515716007777623 0.11922914641244071 0.09592819213867188 0.2232471534184047
0 0.07401131732123238 0.10746253388268608 0.14795131342751638 0.21397054195404053
0 0.8630737577165876 0.601362909589495 0.2737292562212263 0.29696849414280485
0 0.5945805140904018 0.41476075989859446 0.24533700942993164 0.28377343927110943
0 0.5538297380719867 0.2588744844709124 0.2076707226889474 0.16099037442888534
0 0.909689085824149 0.9056200981140137 0.18062189647129603 0.18801076071602957
0 0.346367427280971 0.32957424436296734 0.2531730958393642 0.12352010181971959
0 0.6109721320016044 0.8815273557390485 0.32234154428754536 0.23651388713291713
0 0.5013642992292132 0.4922083445957729 0.9957481111798968 0.9734200068882534