0 0.7166392462594169 0.5244979177202497 0.27726261956351145 0.2836338111332485
0 0.3223620482853481 0.7560992922101702 0.29040540967668804 0.30778864451817106
0 0.23696039404187882 0.3553352355957031 0.21000708852495467 0.21195125579833984
0 0.2497594015938895 0.10730975866317749 0.16446358816964285 0.16900013174329484
0 0.05276973332677569 0.9165923936026437 0.10451874562672206 0.16400487082345144
0 0.42782088688441683 0.3012208938598633 0.22456301961626327 0.26027401856013704
0 0.4943046569824219 0.6130495071411133 0.19411795479910715 0.21781355994088308
0 0.08301505872181483 0.4322829246520996 0.16603011744362967 0.21336422647748673
0 0.11475984539304461 0.6054325103759766 0.22948525633130754 0.2624689170292446
0 0.22023466655186244 0.2443678379058838 0.1955099105834961 0.15465307235717773
0 0.4883607455662319 0.043534240552357266 0.22356510162353516 0.08706848110471453
0 0.052458379949842183 0.9177258355276925 0.10456790242876325 0.16347517286028182
0 0.8377761159624372 0.3297230175563267 0.32444776807512554 0.2536201477050781
0 0.7096624374389648 0.07631199700491768 0.15997907093593053 0.15262399400983537
0 0.3445924350193569 0.9356727600097656 0.19846408707754953 0.12759528841291154
0 0.062020408255713325 0.24948600360325404 0.1238716755594526 0.17902726786477224