0 0.39551615715026855 0.8710761751447406 0.3829530307224819 0.25784376689365934
0 0.7174182619367327 0.5408412388392857 0.3192676476069859 0.31274822780064176
0 0.6438380650111607 0.8352507182529995 0.2927314553941999 0.2695198059082031
0 0.12022636617933001 0.7842224666050502 0.2402163573673793 0.3609647750854492
0 0.8935649054391044 0.8507493564060756 0.21206263133457728 0.2985012871878488
0 0.4400884083339146 0.6159732682364327 0.3097613198416574 0.3104091371808733
0 0.8818033082144601 0.25909411907196045 0.21308626447405135 0.21376844814845494
0 0.6685214042663574 0.21160030364990234 0.22126310212271555 0.17903111662183488
0 0.1271566663469587 0.09460221869604928 0.2495643070765904 0.17568971429552352
0 0.2536029134477888 0.4856692722865513 0.2654522487095424 0.26462691170828684
0 0.8707160949707031 0.6155005863734654 0.25856781005859375 0.24922827311924525
0 0.052642651966639926 0.48011384691510883 0.10510821001870292 0.18148718561444963
0 0.321845429284232 0.3272343022482736 0.17367800644465856 0.16414804118020193
0 0.8020691871643066 0.37806735719953266 0.16280746459960938 0.16915839059012278
0 0.929966926574707 0.44754001072474886 0.13911056518554688 0.21703280721391952
0 0.795478275844029 0.09182522126606532 0.1851818220955985 0.18298583371298655
0 0.6720367840358189 0.9684293610709054 0.24187210627964564 0.06246185302734375
0 0.6727699552263532 0.9685802459716797 0.24243286677769252 0.06223944255283901
0 0.12470627682549613 0.2565371479306902 0.24892870017460414 0.30672662598746164
0 0.5158612046922956 0.45831830160958426 0.9621799332754952 0.9029103687831334