0 0.14091646671295166 0.5219858714512416 0.2818329334259033 0.4523648875100272
0 0.30854722431727816 0.5351290702819824 0.26047568661826 0.3721902370452881
0 0.6961526189531598 0.5140598501477923 0.3678553444998605 0.3158703531537737
0 0.4768576281411307 0.3239103044782366 0.29167563574654715 0.3221525805337088
0 0.4629650797162737 0.08502107007162911 0.39487385749816895 0.16944377762930735
0 0.5136447634015765 0.754352160862514 0.3964630195072719 0.4003580297742571
0 0.895594664982387 0.2993600368499756 0.2074228014264788 0.29513468061174664
0 0.7687255314418248 0.18350340638841903 0.3728820937020438 0.36700681277683805
0 0.7670378003801618 0.18270332472664969 0.3702442305428641 0.36540664945329937
0 0.16931750093187606 0.8596154621669224 0.3375647749219622 0.2799571582249233
0 0.20241049357822963 0.1884277888706752 0.29658985137939453 0.33398784909929546
0 0.1701702049800328 0.8589051110403878 0.33823115485055105 0.2809253420148577
0 0.20193472930363246 0.18953331879207067 0.29747428212847027 0.3341438089098249
0 0.04555485929761614 0.15577612604413713 0.09090212413242885 0.29294545309884207
0 0.04540713344301496 0.1577472346169608 0.09081426688602992 0.29132093702043804