0 0.26564724104745047 0.8650569915771484 0.3261299133300781 0.2694952147347586
0 0.8580317497253418 0.6958684240068708 0.28354644775390625 0.32577923366001676
0 0.07717783110482353 0.6962966918945312 0.1538822991507394 0.32654874665396555
0 0.28370496204921175 0.07735074417931694 0.24731077466692244 0.15470148835863387
0 0.4211199624197824 0.5653278487069267 0.26416019030979704 0.2751827580588205
0 0.8296939304896763 0.28752197538103375 0.2265495572771345 0.18823947225298202
0 0.6159256526402065 0.7561927522931781 0.2994293144771031 0.305875369480678
0 0.9314858572823661 0.1429992743900844 0.13662849153791154 0.22863289288112096
0 0.2748144865036011 0.3259064129420689 0.30204129219055176 0.27520453929901123
0 0.47883428846086773 0.3644107069287981 0.16288300922938756 0.18419693197522843
0 0.9349325725010463 0.48783349990844727 0.13013478687831334 0.1897002628871373
0 0.7014145169939313 0.128837593964168 0.21124860218593053 0.21112229142870223
0 0.17210466521126883 0.5060222489493233 0.16508638858795166 0.22021712575639998
0 0.059848155294145854 0.9360286167689732 0.11912686484200614 0.12697792053222656
0 0.5050955840519497 0.4863546235220773 0.9763524872916085 0.9392795562744141
0 0.6077959878104073 0.22364626611982072 0.2236884662083217 0.24869014535631453
0 0.6034269332885742 0.5344624178750175 0.1840782846723284 0.17000464030674525
0 0.963214601789202 0.34692532675606863 0.072584901537214 0.20087788786206925
0 0.3589073589869908 0.21834336008344377 0.1557786464691162 0.11454887049538749
0 0.06579264572688512 0.047910869121551514 0.09920045307704381 0.09553020341055733