0 0.5001474108014788 0.5665582248142788 0.365544285093035 0.382979222706386
0 0.8238885062081474 0.7349213191441127 0.35222291946411133 0.37088591711861746
0 0.3004576138087681 0.1870537315096174 0.2589538437979562 0.2765699454716274
0 0.6037039756774902 0.12482173102242607 0.2658120904650007 0.24964346204485213
0 0.28182458877563477 0.8635764803205218 0.31492771421160015 0.2716729981558664
0 0.8939755984715053 0.40845135280064176 0.2120488030569894 0.2121713502066476
0 0.12227681704929896 0.12669473034994944 0.236607483455113 0.21638335500444686
0 0.1317811097417559 0.35409549304417204 0.2629068068095616 0.24807921477726527
0 0.6132651737758091 0.3013113907405308 0.20945187977382115 0.1544273921421596
0 0.8467563220432827 0.19269008295876638 0.18549537658691406 0.24517886979239328
0 0.19621905258723668 0.5307212557111468 0.2959596429552351 0.30643936565944124
0 0.9661617279052734 0.17379535947527205 0.06679153442382812 0.21618250438145228
0 0.09557407242911202 0.8550088746207101 0.19114814485822404 0.2881580080304827
0 0.41583783285958426 0.36608641488211496 0.25103589466639925 0.13535686901637486