0 0.23814644132341659 0.8250081879752023 0.3360476493835449 0.32080554962158203
0 0.593743119921003 0.8218748910086495 0.38882906096322195 0.3562502861022949
0 0.6123794146946498 0.4605933938707624 0.44962569645472933 0.38441637584141325
0 0.8721460614885602 0.11438731636319842 0.25421258381434847 0.2281961270741054
0 0.8732624735151019 0.3473900386265346 0.24754047393798828 0.27820210797446115
0 0.09125482184546334 0.17338597774505615 0.18206417560577393 0.34675744601658415
0 0.1605710302080427 0.5735699789864677 0.3148550306047712 0.25750616618565153
0 0.8822543961661202 0.7144833292279925 0.23469747815813338 0.341292210987636
0 0.2202693053654262 0.39501707894461496 0.36560072217668804 0.29611672673906597
0 0.46863957813807894 0.15732407569885254 0.3431894098009382 0.29155084065028597
0 0.6920904432024274 0.17998955930982316 0.1828549930027553 0.24570659228733607