0 0.30175297600882395 0.610316276550293 0.4121318204062326 0.5024354457855225
0 0.8774323463439941 0.5239312989371163 0.24419879913330078 0.3847145693642752
0 0.6037858554295131 0.6624252455575126 0.3490746021270752 0.3601924010685512
0 0.10597874437059675 0.14718798228672572 0.2116100788116455 0.2936925206865583
0 0.1090949433190482 0.4455288478306362 0.21767146246773855 0.3025125435420445
0 0.887596879686628 0.18260799135480607 0.2242259979248047 0.3171544075012207
0 0.6753323418753487 0.3274226188659668 0.3146967206682478 0.37303532872881207
0 0.6157376425606864 0.145000764301845 0.3358285767691476 0.289773736681257
0 0.3520731585366385 0.10279349769864764 0.3742258208138602 0.20558699539729527
0 0.8236286980765206 0.8562989916120257 0.3525048664637974 0.286651679447719
0 0.3736393792288644 0.3867612225668771 0.3419179235185896 0.25822762080601286
0 0.09834436859403338 0.7414729254586356 0.19619432517460414 0.31367615291050505
0 0.05850974576813834 0.9144413811819894 0.11666208505630493 0.17032487051827566
0 0.3220580986567906 0.8937812532697406 0.4138265337262835 0.21131971904209682