0 0.8680627686636788 0.921856335231236 0.262580326625279 0.15567336763654435
0 0.9127660478864398 0.5325991766793388 0.17324175153459823 0.3150177001953125
0 0.2136174099785941 0.7789784840175084 0.3360847405024937 0.38048955372401644
0 0.5516501154218402 0.4102995736258371 0.24108154433114187 0.2407691478729248
0 0.4435627119881766 0.6545515741620745 0.28327434403555735 0.302898713520595
0 0.06160840817860195 0.44910335540771484 0.12234004906245641 0.14476690973554338
0 0.2103918961116246 0.47940826416015625 0.22878454412732804 0.24787756374904088
0 0.45810692650931223 0.9679017748151507 0.19368454388209752 0.06363868713378906
0 0.41972923278808594 0.04556941134589059 0.18131460462297713 0.09113882269178118
0 0.6811722346714565 0.7857762064252581 0.304666314806257 0.2757444381713867
0 0.15027948788234166 0.1687006609780448 0.2404226745877947 0.2666719811303275
0 0.07641859565462385 0.7046793528965541 0.15213031428200857 0.45738846915108816
0 0.7412819862365723 0.5461859703063965 0.2703681673322405 0.25562327248709543
0 0.07652889830725533 0.6366438865661621 0.15206141131264822 0.3196632180895124
0 0.33146272386823383 0.35552832058497835 0.12366952214922224 0.17525972638811385
0 0.42811455045427593 0.19662441526140487 0.259559052331107 0.247302736554827