0 0.2966212204524449 0.890852519444057 0.2989225387573242 0.2180631501334054
0 0.766082899911063 0.37433385848999023 0.30314997264317106 0.32769714082990375
0 0.8906009537833077 0.7132818358285087 0.21741676330566406 0.256401743207659
0 0.9486477715628487 0.48844732557024273 0.1020465578351702 0.2820992129189627
0 0.5402933870043073 0.8828726496015277 0.21616056987217494 0.23331751142229354
0 0.36870152609688894 0.6753627232142857 0.26891670908246723 0.2840606825692313
0 0.14362304551260813 0.32164015088762554 0.23146402835845947 0.21568477153778076
0 0.5895635059901646 0.6283926282610212 0.2576219694955008 0.2982103484017508
0 0.5503521306174142 0.17668959072657994 0.20691987446376256 0.20522665977478027
0 0.08286882298333305 0.8802110127040318 0.16543597834450857 0.23749099458966935
0 0.9004964828491211 0.9164303370884487 0.19791085379464285 0.1660299301147461
0 0.11872590439660209 0.6694000107901437 0.23745180879320418 0.22876531737191336
0 0.7838926996503558 0.14227017334529332 0.21905994415283203 0.19048472813197545
0 0.38249240602765766 0.143850462777274 0.19417195660727365 0.13989287614822388
0 0.4959792069026402 0.38007657868521555 0.2731234005519322 0.23607681478772843
0 0.5225599152701241 0.04635092190333775 0.14689653260367258 0.0927018438066755
0 0.7003333909170968 0.8650857380458287 0.28886849539620535 0.2543067932128906
0 0.09259143897465297 0.48719120025634766 0.18518287794930594 0.17902578626360213
0 0.30700063705444336 0.49501609802246094 0.24370324611663818 0.20030692645481654
0 0.3719240256718227 0.29884443964276997 0.23401503903525217 0.1945735216140747