0 0.340547970363072 0.759840760912214 0.4038674831390381 0.480318478175572
0 0.6682074410574776 0.776843752179827 0.3344541277204241 0.37411533083234516
0 0.7048901149204799 0.408620970589774 0.3302524430411203 0.39686243874686106
0 0.10638848372868129 0.2635413578578404 0.21244093350001744 0.33110019138881136
0 0.8926181793212891 0.22395380905696324 0.21390567507062638 0.3557943275996617
0 0.9004284994942802 0.6000370298113141 0.1978346279689244 0.3972717353275844
0 0.3551051276070731 0.1505323989050729 0.37200682503836496 0.301011323928833
0 0.12299413340432304 0.598494393484933 0.24598826680864608 0.31774827412196566
0 0.40167457716805594 0.49318136487688335 0.36529806682041716 0.28876001494271414
0 0.6385879516601562 0.18374037742614746 0.3450962134769985 0.33468709673200336
0 0.8544283594403949 0.9135420663016183 0.29053034101213726 0.17254808970860072
0 0.5797741753714425 0.048697245972497125 0.13398058073861258 0.09739449194499425
0 0.798666136605399 0.06636004788534981 0.3203103882925851 0.13245396954672678
0 0.07636561564036778 0.08647370338439941 0.15246760845184326 0.08866769075393677