0 0.5069726535252163 0.6780162538800921 0.39244205611092703 0.3498922075544085
0 0.2825963156563895 0.875657149723598 0.4184363910130092 0.24791949135916574
0 0.12735867500305176 0.7034785406930106 0.2547173500061035 0.3955327102116176
0 0.24612329687391007 0.14818196637289865 0.42506827626909527 0.2951929569244385
0 0.5702245576041085 0.29868108885628836 0.39518679891313824 0.43985077313014437
0 0.28720545768737793 0.4553953579493931 0.30442285537719727 0.3287694113595145
0 0.8357677459716797 0.15962389537266322 0.25747878210885183 0.27687721593039377
0 0.9102895600455148 0.6387014389038086 0.17817837851388113 0.3573030744280134
0 0.08053903068814959 0.3347404343741281 0.16088681561606272 0.3532182829720633
0 0.7774483816964286 0.420281001499721 0.32331732341221403 0.3183016095842634
0 0.9615680149623326 0.10807228939873832 0.075775146484375 0.21614457879747664
0 0.9463308198111398 0.33293226787022184 0.1064443588256836 0.2714426006589617