0 0.6686107090541294 0.6415742465427944 0.3562972205025809 0.3500446251460484
0 0.6294038636343819 0.2291614498410906 0.24217101505824498 0.1966679777417864
0 0.6157285145350865 0.9007374899727958 0.32205029896327425 0.197706971849714
0 0.8662253107343402 0.2593236821038382 0.23870291028703963 0.24031104360307967
0 0.1799079520361764 0.5960339137486049 0.28796281133379253 0.28200592313494
0 0.8880841391427177 0.8983914511544364 0.22288519995553152 0.2024658066885812
0 0.4663025992257254 0.11487603187561035 0.22051453590393066 0.2297520637512207
0 0.24962478024618967 0.3963889053889683 0.20389955384390696 0.19071054458618164
0 0.8730016435895648 0.6867436681474958 0.253237111227853 0.28139046260288786
0 0.768505368913923 0.42678308486938477 0.19608320508684432 0.2126434189932687
0 0.07803242547171456 0.8898781367710659 0.1556647845676967 0.21941736766270228
0 0.3479818616594587 0.21560766015733993 0.2515344960348947 0.25171365056719097
0 0.09092584678104945 0.13153050627027238 0.18182294709341867 0.194779600415911
0 0.7497012274605888 0.09042492083140782 0.22906180790492467 0.18066462448665074
0 0.3653160844530378 0.7570358003888812 0.33803013392857145 0.3366199902125767
0 0.9243856157575335 0.4892369338444301 0.15069007873535156 0.27078076771327425
0 0.09198096820286342 0.034985863736697605 0.18358646120343888 0.06997172747339521
0 0.018318985189710344 0.5835018157958984 0.03637265307562692 0.12440470286778041
0 0.41165828704833984 0.5404924665178571 0.19228557177952357 0.17916134425571986