0 0.43191817828587126 0.8231007712227958 0.3236749512808664 0.31662184851510183
0 0.8077113287789481 0.4951045172555106 0.38446501323154997 0.37872794696262907
0 0.7871017456054688 0.8350402287074498 0.38286352157592773 0.3293326922825405
0 0.12516639913831437 0.6287035260881696 0.2500814029148647 0.3015725953238351
0 0.2580561467579433 0.16971426350729807 0.3460191658564976 0.3383337770189558
0 0.35208252498081755 0.5574954918452671 0.2905299663543701 0.2840358870370047
0 0.9164784295218331 0.22021870953696115 0.12444509778703962 0.2263549736567906
0 0.7094463620867048 0.19265002863747732 0.33494492939540316 0.2699840579714094
0 0.26822519302368164 0.9697528566632952 0.2869353975568499 0.059375217982700894
0 0.1301663943699428 0.32963974135262625 0.26020847048078266 0.3130049705505371
0 0.4571399348122733 0.4036738531930106 0.34685468673706055 0.2860030787331717