0 0.27711147921425955 0.8275752067565918 0.4279833861759731 0.34408092498779297
0 0.8159990310668945 0.48855086735316683 0.3401756967817034 0.2879377433231899
0 0.6560642378670829 0.7022651944841657 0.3807814461844308 0.3738506180899484
0 0.6062365259443011 0.0840599877493722 0.35202557700020926 0.16741905893598283
0 0.2300945179803031 0.46248017038617817 0.45570247513907297 0.4144689696175711
0 0.8600232260567802 0.17888711180005754 0.27882364818028044 0.3568520886557443
0 0.14023539849690028 0.1575467245919364 0.2801198789051601 0.314028194972447
0 0.6044676644461495 0.3077380657196045 0.268559387751988 0.30218894141060965
0 0.45294131551470074 0.4949289049421038 0.2285449845450265 0.34162769998822895
0 0.3627960000719343 0.16197800636291504 0.2594530923025949 0.3063608578273228
0 0.8602840559823173 0.17795893124171666 0.278867312840053 0.3559178624834333