0 0.32600416455950054 0.5340205601283482 0.4136233329772949 0.4953825814383371
0 0.8297183173043388 0.8261804580688477 0.34010199138096403 0.34602424076625277
0 0.8846655573163714 0.4791056088038853 0.22950308663504465 0.3758063997541155
0 0.12118702275412423 0.3718072346278599 0.24179955891200475 0.29803248814174105
0 0.12205289091382708 0.11342792000089373 0.24343677929469518 0.22651670660291398
0 0.616682597569057 0.6030453273228237 0.3523525169917515 0.351778473172869
0 0.6991213389805385 0.280192426272801 0.3108795029776437 0.3628120081765311
0 0.10745011057172503 0.6699726922171456 0.21476428849356516 0.3207856927599226
0 0.3975441796439035 0.33034563064575195 0.33080387115478516 0.2386002881186349
0 0.06129160097667149 0.8786036627633231 0.12211178030286517 0.24139724458966935
0 0.4000932148524693 0.07895911591393608 0.34933318410600933 0.1576767819268363
0 0.8972804886954171 0.1519961186817714 0.2041145052228655 0.30159694807870047
0 0.6355953216552734 0.12584906816482544 0.3373972007206508 0.2516981363296509
0 0.3274833474840437 0.8595563343593052 0.41352670533316477 0.2798595428466797