0 0.08035063743591309 0.6848020553588867 0.1603360516684396 0.2865123748779297
0 0.2407487290246146 0.735011373247419 0.2142857483455113 0.22631399972098215
0 0.38946608134678434 0.6733125959123883 0.15401342936924525 0.1698915617806571
0 0.13621682780129568 0.9112273624965123 0.2638232707977295 0.17695692607334682
0 0.9241137504577637 0.8490361486162458 0.15177249908447266 0.18676417214529856
0 0.5444351264408657 0.7518507412501744 0.20249101093837193 0.20780931200299943
0 0.8541603769574847 0.7074417386736188 0.17537689208984375 0.20444835935320174
0 0.6249136924743652 0.14913649218423025 0.1960540839603969 0.1975146702357701
0 0.336376462663923 0.3406609467097691 0.17221040385110037 0.15279981068202428
0 0.9395196778433663 0.47306741986955914 0.11997032165527344 0.19937079293387278
0 0.5040041037968227 0.5050242287772042 0.9874347278050014 0.981811659676688
0 0.8036020142691476 0.34153624943324495 0.16841602325439453 0.20444788251604354
0 0.9705754007611956 0.9359726224626813 0.05827481406075614 0.1269681794302804
0 0.7522328240530831 0.8754034042358398 0.1852717399597168 0.15880468913487025