0 0.6295514787946429 0.6989398683820452 0.36161977904183523 0.35235398156302317
0 0.5745301246643066 0.920100348336356 0.3042778287615095 0.1593522344316755
0 0.9073089872087751 0.5384956427982875 0.18422583171299525 0.2873962266104562
0 0.8394722257341657 0.2938476630619594 0.23610707691737584 0.2422294786998204
0 0.7331699643816266 0.10294788224356514 0.22381435121808732 0.20562171936035156
0 0.1507186038153512 0.6381380898611886 0.2919362953730992 0.28301828248160227
0 0.6034567696707589 0.26016351154872347 0.24292986733572824 0.20015653542109899
0 0.8494479996817452 0.7269367490495954 0.25394398825509207 0.275850636618478
0 0.07507101127079555 0.13088400023324148 0.14916859354291642 0.19282402311052596
0 0.21965340205601283 0.42106989451817106 0.20967270646776473 0.2001699379512242
0 0.7365154538835798 0.46621642793927875 0.1983959334237235 0.22396513393947057
0 0.4404307092939104 0.13927711759294784 0.2276214531489781 0.2515171936580113
0 0.33906289509364534 0.8153046199253627 0.3352819170270647 0.33662148884364534
0 0.8756126676286969 0.9228759493146624 0.24877473286220006 0.15323257446289062
0 0.38694143295288086 0.5819993700299945 0.2049999577658517 0.20226192474365234
0 0.06706146683011736 0.9192696298871722 0.13277879783085414 0.1598845890590123
0 0.32069567271641325 0.24202055590493338 0.2540895938873291 0.2627298150743757
0 0.07425377198628016 0.03344018757343292 0.14825625079018728 0.06688037514686584