0 0.897709846496582 0.8489015442984444 0.2033046313694545 0.30107648032052176
0 0.2783645732062204 0.5815473284040179 0.3574378490447998 0.3696183817727225
0 0.17637317521231516 0.11090118544442314 0.23661204746791295 0.22180237088884627
0 0.4984002113342285 0.9262290682111468 0.25507984842572895 0.14672892434256418
0 0.926736559186663 0.4412652424403599 0.14547790799822127 0.34164401463099886
0 0.24400159290858678 0.328798702784947 0.2244479145322527 0.1843921286719186
0 0.5693750381469727 0.31197902134486605 0.24210824285234725 0.21954044273921422
0 0.2652824265616281 0.8475142887660435 0.32885619572230745 0.2608448437282017
0 0.09080947296960014 0.48144592557634625 0.18126799379076278 0.363527740750994
0 0.44447081429617746 0.12497259037835258 0.24393442698887416 0.23718225955963135
0 0.5043311800275531 0.501849923815046 0.263420683997018 0.305213349206107
0 0.7722108023507255 0.4140242508479527 0.2682157925197056 0.25333268301827566
0 0.7321657453264508 0.6510494777134487 0.3105405398777553 0.2739734309060233
0 0.6856268474033901 0.8550845554896763 0.222630432673863 0.25499037333897184
0 0.3524491786956787 0.2640437398638044 0.10816383361816406 0.14545510496412004
0 0.7178416933332171 0.09421363898686 0.23305790764944895 0.18842727797372
0 0.5097362654549735 0.7460576466151646 0.19252078873770578 0.22196258817400252
0 0.08361629928861346 0.187955447605678 0.16522313867296493 0.2130915948322841
0 0.35728921209062847 0.9739484786987305 0.29448086874825613 0.0509918076651437
0 0.02690865525177547 0.21369406155177526 0.05360413023403713 0.1737531934465681