0 0.4255909579140799 0.5311346735273089 0.36125353404453825 0.3720306328364781
0 0.1551095758165632 0.42402253832135883 0.31004135949271067 0.37126037052699495
0 0.5903668403625488 0.9122178895132882 0.22449629647391184 0.17556422097342356
0 0.8691088812691825 0.40672874450683594 0.26049974986485075 0.2566841329847063
0 0.05761899266924177 0.776543208530971 0.11523798533848353 0.31626694543021067
0 0.6653318405151367 0.28246770586286274 0.2431384835924421 0.19388864721570695
0 0.0751525844846453 0.15139092717851912 0.15013343947274344 0.23070847988128662
0 0.15465918609074183 0.9066554478236607 0.30767130851745605 0.18559258324759348
0 0.29047720772879465 0.0929538437298366 0.23913429464612687 0.185818008014134
0 0.9421085630144391 0.8406056676592145 0.11522940226963588 0.31878866468157085
0 0.3584908757890974 0.2899872916085379 0.22816647802080428 0.1812258107321603
0 0.7670863015311105 0.8331436429704938 0.21488618850708008 0.25326190676007954
0 0.38112143107822966 0.7956044333321708 0.32500907352992464 0.2707655770438058
0 0.45825488226754324 0.9551662036350795 0.3196897166115897 0.08857536315917969
0 0.5501523017883301 0.11082677330289568 0.22957096781049455 0.22157520907265799
0 0.8282900537763324 0.6323690414428711 0.307614871433803 0.27582158361162457
0 0.6329452650887626 0.47070108141217915 0.24439181600298202 0.30319346700395855
0 0.17105839933667863 0.6984726360866002 0.2665811095918928 0.20954241071428573
0 0.18043088912963867 0.1485668420791626 0.15659047876085555 0.2051588467189244
0 0.7976207733154297 0.09155579975673131 0.22574138641357422 0.18311159951346262
0 0.5791029248918805 0.597590718950544 0.8258225577218192 0.7921677998134068
0 0.6136813163757324 0.7189380781991142 0.17036359650748117 0.2130756378173828