0 0.3214092254638672 0.8086107117789132 0.32970435278756277 0.31919057028634207
0 0.7027962548392159 0.4599085194723947 0.4250936508178711 0.3839786393301828
0 0.6773746354239327 0.8197331428527832 0.38675785064697266 0.3599205017089844
0 0.07256599834987096 0.6285717827933175 0.14513199669974192 0.3028022561754499
0 0.16182313646589006 0.9643757683890206 0.30216550827026367 0.07005861827305385
0 0.1471989325114659 0.16234089647020614 0.2932908535003662 0.3239154475075858
0 0.9205153329031808 0.7293989998953683 0.15756395884922572 0.33525807516915457
0 0.9172643933977399 0.12199307339532035 0.16382251467023576 0.24344728674207414
0 0.9186573709760394 0.3652153696332659 0.16155624389648438 0.2867850235530308
0 0.2455329213823591 0.551189626966204 0.30275678634643555 0.2672740731920515
0 0.32672418866838726 0.3813048430851528 0.3535077231270926 0.29025418417794363
0 0.8008909906659808 0.18424003464835031 0.14008535657610213 0.2375221082142421
0 0.07272268193108695 0.36905980110168457 0.14505074705396379 0.22265728882380895
0 0.5806840487888881 0.1567263092313494 0.3413928917476109 0.27999792780194965