0 0.5437187807900565 0.8807422092982701 0.3068628992353167 0.23734085900442942
0 0.26793125697544645 0.9192863191877093 0.4020158903939383 0.16101605551583426
0 0.8316962378365653 0.874314716884068 0.27249220439365934 0.2508729525974819
0 0.594792229788644 0.5984321321759906 0.3270021506718227 0.32915592193603516
0 0.1306829026767186 0.5624047688075474 0.2613658053534372 0.2691568987710135
0 0.7862923485892159 0.6561428478785923 0.27522625241960796 0.25922506196158274
0 0.30476328304835726 0.6993581226893834 0.32272045952933176 0.31722637585231234
0 0.04915026256016323 0.8600405284336635 0.09830052512032646 0.278482232775007
0 0.5646716867174421 0.24176863261631557 0.2253753798348563 0.18243498461587088
0 0.20392441749572754 0.3904491833278111 0.19395153863089426 0.17798451014927455
0 0.07206143651689802 0.15136504173278809 0.14322113990783691 0.17651966639927455
0 0.6756815910339355 0.10130493130002703 0.2035531997680664 0.20260986260005406
0 0.8854710715157645 0.4875854083469936 0.22905792508806502 0.2625512736184256
0 0.784238474709647 0.27705233437674387 0.22092219761439733 0.222604615347726
0 0.9443039212908063 0.7914440291268485 0.11083909443446568 0.30270181383405415
0 0.2984445095062256 0.2177560499736241 0.2398472683770316 0.23931377274649485
0 0.6949565070016044 0.42160470145089285 0.181368282863072 0.19331376893179758
0 0.059756883553096225 0.37415054866245817 0.11920297145843506 0.23723081180027553
0 0.0744253396987915 0.05038250769887652 0.14788825171334402 0.10076501539775304
0 0.42110371589660645 0.14235961437225342 0.1976321084158761 0.21786141395568848
0 0.5656593186514718 0.4865607534136091 0.8686813626970563 0.9271981375558036
0 0.5101032938276019 0.3502562386648996 0.22216343879699707 0.20754519530705043
0 0.350564752306257 0.5153553145272392 0.17516747542790004 0.14514640399387904