0 0.360532317842756 0.7551753861563546 0.3415923799787249 0.3676027570452009
0 0.7480111803327288 0.5733602387564523 0.3535609245300293 0.33155172211783274
0 0.07252468381609235 0.24448675768715994 0.14485692977905273 0.3410238879067557
0 0.12823233434132167 0.5787604876926967 0.25502424580710276 0.31684865270342144
0 0.5327669211796352 0.4185877186911447 0.28631230763026644 0.28706387111118864
0 0.1628338439123971 0.8568163599286761 0.324298620223999 0.2849445343017578
0 0.27308034896850586 0.40789430482046946 0.19808481420789445 0.22971309934343612
0 0.7020821571350098 0.8560318265642438 0.40989232063293457 0.2879364149911063
0 0.35540751048496794 0.19986568178449357 0.31738594600132536 0.2848704883030483
0 0.929804938180106 0.05069020816258022 0.13954196657453263 0.10127879892076765
0 0.5906690188816616 0.22779744012015207 0.19306213515145437 0.1831388303211757
0 0.7102290562220982 0.08917713165283203 0.2523681776864188 0.1777083192552839
0 0.9352388381958008 0.48000097274780273 0.12827144350324357 0.3592550073351179
0 0.7495742525373187 0.3681229182652065 0.2246227264404297 0.1455676555633545
0 0.8805297442844936 0.22127185549054826 0.2377880641392299 0.29243591853550505
0 0.9372287477765765 0.9686207090105329 0.12514822823660715 0.06204339436122349
0 0.4820058686392648 0.10276160069874354 0.13451119831630162 0.09134512288229805