0 0.3273164544786726 0.8521608625139508 0.4452888284410749 0.2947132246834891
0 0.6608659199305943 0.7661560603550502 0.364307131086077 0.3259239196777344
0 0.06363870842116219 0.7773793765476772 0.12713145358221872 0.3833589553833008
0 0.6653120858328683 0.4108210291181292 0.39284801483154297 0.4071009840284075
0 0.3361437661307199 0.5475733961377826 0.37299435479300364 0.356903144291469
0 0.9182686124529157 0.7422952651977539 0.1623328753880092 0.3839249610900879
0 0.8047357286725726 0.2039393356868199 0.23097188132149832 0.2339343343462263
0 0.8867502893720355 0.07482305594852992 0.2263044629778181 0.14917145456586564
0 0.1682990448815482 0.41366495404924664 0.2710458551134382 0.2613203866141183
0 0.32541240964617046 0.08575005190713066 0.2792436565671648 0.1715001038142613
0 0.2638793502535139 0.2491825989314488 0.2218343530382429 0.1912753071103777
0 0.09952517918178014 0.06610991273607526 0.19905035836356028 0.13215271064213344
0 0.8782370431082589 0.45500067302158903 0.242872987474714 0.3247617653438023
0 0.07861784526279994 0.2578764983585903 0.15723569052559988 0.2642827033996582
0 0.6596649714878627 0.9407127244131905 0.3371190002986363 0.11780030386788505
0 0.5625132152012416 0.12935590744018555 0.26348723684038433 0.24482478414263045
0 0.6610682351248605 0.9409180368695941 0.33748156683785574 0.11734349387032646
0 0.8979571206229073 0.9526349476405552 0.20408575875418528 0.09418371745518275
0 0.02992912701198033 0.4409116336277553 0.05942012582506452 0.1252497604915074
0 0.6407696178981236 0.05689148817743574 0.27888287816728863 0.11378297635487147
0 0.47863568578447613 0.48081585339137484 0.9508989197867257 0.9426463672092983