0 0.47120445115225656 0.8809656415666852 0.2791868618556431 0.23755339213779994
0 0.9135610035487584 0.3976175785064697 0.17168773923601424 0.38217360632760183
0 0.28725808007376535 0.24495622089930943 0.24428556646619523 0.24212065764835902
0 0.5463651248386928 0.6812169892447335 0.27336341994149344 0.29345434052603586
0 0.046394369431904385 0.8491581508091518 0.0926481911114284 0.2562751088823591
0 0.200556823185512 0.8747498648507255 0.2902414458138602 0.24995647157941545
0 0.10754896913255964 0.6398756844656808 0.21509793826511928 0.24927442414419992
0 0.7968642371041434 0.680128642490932 0.27939108439854216 0.31398327010018484
0 0.6886513573782784 0.36629819869995117 0.2932753562927246 0.26943254470825195
0 0.10478448016302926 0.34930406297956196 0.17528610570090158 0.20794710091182164
0 0.2877852576119559 0.6608702795846122 0.24969635690961564 0.2301438876560756
0 0.7389923504420689 0.11028928416115898 0.2327078410557338 0.22057856832231795
0 0.9374888965061733 0.0917486207825797 0.12421185629708427 0.18241563865116664
0 0.23185457502092635 0.44801909582955496 0.20999227251325334 0.20961083684648787
0 0.5444005557468959 0.06489411422184535 0.24847306524004256 0.1297882284436907
0 0.04675103936876569 0.4923935277121408 0.09331660611288888 0.1579899787902832
0 0.5434703826904297 0.2349158695765904 0.2774597236088344 0.2291921888078962