0 0.12699307714189803 0.11114671400615148 0.2538122109004429 0.20869907311030797
0 0.8993184225899833 0.3827751704624721 0.20136308670043945 0.2326756034578596
0 0.7173726218087333 0.7633797781808036 0.3212640626089914 0.33322300229753765
0 0.2505847385951451 0.6506657600402832 0.27831901822771343 0.28475819315229145
0 0.6905509403773716 0.32819509506225586 0.23149660655430385 0.19965990952083043
0 0.43840197154453825 0.8430840628487724 0.31663618768964497 0.3119465282985142
0 0.8361906324114118 0.17004362174442836 0.2223781176975795 0.23570684024265834
0 0.9289882523672921 0.638359819139753 0.14163453238351004 0.28767125947134836
0 0.3165954521724156 0.4332254273550851 0.18860367366245814 0.20304601533072336
0 0.5496761458260673 0.1747389350618635 0.22342501367841447 0.2322725227900914
0 0.11902172224862236 0.9185153416224888 0.23621586390904017 0.1620394161769322
0 0.46522430011204313 0.6083284105573382 0.18174988882882254 0.19301530293055943
0 0.8041582788739886 0.5331824166434151 0.18053054809570312 0.2171152319226946
0 0.056890287569590976 0.2209656068256923 0.1135811379977635 0.12718449320111955
0 0.12455396141324725 0.4173956257956369 0.24869579928261892 0.2750734431403024
0 0.044776162930897305 0.6282035282679966 0.0893694247518267 0.17203923634120397
0 0.09690002032688685 0.7674920218331474 0.19256040028163365 0.19621978487287248
0 0.5016767638070243 0.5068699632372174 0.9966464723859515 0.9734185763767788
0 0.8880656787327358 0.797316142490932 0.2224377223423549 0.2528802326747349