0 0.8826735360281808 0.8640083585466657 0.23334366934640066 0.27072259357997347
0 0.7238505227225167 0.6787095751081195 0.31557982308523996 0.34671671049935476
0 0.19296305520193918 0.8243977682931083 0.38020638057163786 0.34938505717686247
0 0.4913792610168457 0.752826418195452 0.2964134556906564 0.3118518420628139
0 0.4337374482836042 0.5604023933410645 0.27772869382585796 0.25776239803859163
0 0.09213473115648542 0.17717937060764857 0.18395938192095077 0.26671089444841656
0 0.8546646663120815 0.23791074752807617 0.28958054951259066 0.328092098236084
0 0.07466951438358851 0.4931248596736363 0.14908497674124582 0.25450018474033903
0 0.47994143622262136 0.3411017826625279 0.2173656395503453 0.2346111195428031
0 0.24256786278315953 0.33439217294965473 0.27662505422319683 0.2463486705507551
0 0.5644522394452777 0.13521900347300939 0.2861762728009905 0.26466807297297884
0 0.9123922075544085 0.549330302647182 0.1736774444580078 0.2593820776258196
0 0.5841812406267438 0.9174169812883649 0.3460873195103237 0.16443668093000138
0 0.27201918193272184 0.1560349464416504 0.1903226034981864 0.15138704436165945
0 0.35439654758998324 0.08491442884717669 0.16756551606314524 0.16982885769435338
0 0.28615202222551617 0.9611027581351144 0.2866919721875872 0.07660273143223353
0 0.21253396783556258 0.5361078126089913 0.2212528841836112 0.2362621511731829