0 0.15024306092943465 0.29868125915527344 0.3002751554761614 0.31865787506103516
0 0.15699854918888637 0.09034738370350429 0.313556364604405 0.17965522834232875
0 0.381474358694894 0.4839139665876116 0.4086813245500837 0.46624343735831125
0 0.8335755211966378 0.8199733325413295 0.33283369881766184 0.35858726501464844
0 0.33682588168552946 0.840703010559082 0.40103425298418316 0.31801605224609375
0 0.8943992342267718 0.48647805622645784 0.20959854125976562 0.34315575872148785
0 0.6342699868338448 0.5819267545427594 0.3441858972821917 0.3368555137089321
0 0.06257703048842293 0.8294620513916016 0.12515406097684587 0.30346604755946566
0 0.1276255590575082 0.6146497045244489 0.2552511181150164 0.3301173278263637
0 0.732004029410226 0.28961423465183805 0.29644898005894255 0.3345554215567453
0 0.4692530632019043 0.07682240009307861 0.321317264011928 0.15313758168901717
0 0.9164923259190151 0.19127740178789412 0.16629770823887416 0.2766695703778948
0 0.6708205086844308 0.13588780164718628 0.3258968080793108 0.2711167505809239
0 0.4378506456102644 0.29462848390851704 0.2957818848746164 0.1892169373376029
0 0.09467420407703944 0.9791107177734375 0.18842147077832902 0.04116896220615932