0 0.26774188450404574 0.6558404650006976 0.3390026773725237 0.2940641130719866
0 0.8879592759268624 0.8859942981175014 0.22303063528878347 0.22745745522635324
0 0.6184921264648438 0.866675785609654 0.3147968905312674 0.2652500016348703
0 0.0558025028024401 0.6397157396589007 0.1116050056048802 0.2832874229976109
0 0.5466987064906529 0.6091076987130302 0.267996004649571 0.29620286396571566
0 0.9164184161594936 0.6123626572745187 0.1659221649169922 0.3660131181989397
0 0.7157514435904366 0.07763581616537911 0.32947802543640137 0.1549175466809954
0 0.6982326507568359 0.4950718879699707 0.33678770065307617 0.26657107898167204
0 0.3234054020472935 0.3709240640912737 0.3230312892368862 0.3022732734680176
0 0.5361735480172294 0.23526171275547572 0.30963873863220215 0.3390148026602609
0 0.8896386282784599 0.31143927574157715 0.21962581362043107 0.26706199986594065
0 0.4311793531690325 0.08887434005737305 0.2959483691624233 0.1777486801147461
0 0.08869034903390068 0.39871157918657574 0.17695225988115584 0.2391664641244071
0 0.07403886318206787 0.8863395963396344 0.1473379475729806 0.2240907805306571
0 0.0980253985949925 0.10481107234954834 0.196050797189985 0.20962214469909668
0 0.7659788812909808 0.24626389571598598 0.21334852491106307 0.21366313525608607
0 0.939446040562221 0.0839509197643825 0.12008585248674665 0.1674294982637678
0 0.9394311904907227 0.08379542827606201 0.1202786990574428 0.16757454190935409