0 0.4028350625719343 0.45776241166251047 0.34273862838745117 0.352717467716762
0 0.21299294063023158 0.7835404532296317 0.30679164613996235 0.3224395343235561
0 0.8313346590314593 0.3591254098074777 0.22587197167532785 0.15777129786355154
0 0.9103692599705288 0.8754989079066685 0.17926148005894252 0.24900211606706893
0 0.7082692555018834 0.5783608300345284 0.33537002972194124 0.3349719728742327
0 0.6146839686802456 0.8134136199951172 0.2976158005850656 0.28294719968523296
0 0.7696693965366909 0.9346535546439034 0.17408875056675502 0.1306928907121931
0 0.9279821259634835 0.6958819798060826 0.14325904846191406 0.2583400862557547
0 0.5084708758762905 0.13402450936181204 0.22665977478027344 0.2374478578567505
0 0.14692466599600656 0.478691611971174 0.26900884083339144 0.26549196243286133
0 0.6698797770908901 0.9696309225899833 0.2856926918029785 0.06019517353602818
0 0.2450664894921439 0.21550328390938894 0.23647250447954452 0.23171125139508927
0 0.8541089466639927 0.5296925476619175 0.20736823763166154 0.26653282982962473
0 0.5912352970668248 0.3625931739807129 0.19553586414882115 0.18354826314108713
0 0.3283407688140869 0.02191330279622759 0.17497139317648752 0.04382660559245518
0 0.7358675003051758 0.1952488933290754 0.1949573244367327 0.2250338622501918
0 0.5121189185551235 0.5036413669586182 0.9670518466404506 0.9757887295314244
0 0.4147195134844099 0.7117357935224261 0.24728499140058244 0.20551681518554688
0 0.9167893273489816 0.19805397306169784 0.16636099134172713 0.18155739988599504