0 0.9034159524100167 0.6072615214756557 0.19219684600830078 0.32167376790727886
0 0.16169706412724086 0.8590478897094727 0.322833776473999 0.2807906014578683
0 0.3927250249045236 0.7669124603271484 0.30365283148629324 0.31983975001743864
0 0.8914624622889927 0.22600724015917098 0.2170750073024205 0.17063314574105398
0 0.5199404444013324 0.4760868889944894 0.24990364483424596 0.255521365574428
0 0.38668571199689594 0.05418720841407776 0.2067476681300572 0.10837441682815552
0 0.1554581437792097 0.5769400596618652 0.242848345211574 0.2957672391619001
0 0.10805741378239223 0.22006092752729142 0.21611482756478445 0.29904113497052875
0 0.714515141078404 0.642176764351981 0.28454664775303434 0.28402880259922575
0 0.38849054064069477 0.24462555135999406 0.27831690652029856 0.26550759587969097
0 0.6919807706560407 0.4495455878121512 0.15513127190726145 0.13532825878688268
0 0.2856391838618687 0.41792287145342144 0.13477984496525355 0.19809395926339285
0 0.6467048100062779 0.8735122680664062 0.32040354183741976 0.252410888671875
0 0.8534281594412667 0.3685872554779053 0.26979044505528044 0.24219286441802979
0 0.050463855266571045 0.718705313546317 0.10075003760201591 0.20607491901942662