0 0.3367648124694824 0.7482536860874721 0.4016148362840925 0.5015248911721366
0 0.6990799903869629 0.400226320539202 0.32354889597211567 0.38653240885053364
0 0.10784237725394112 0.25292692865644184 0.2153433050428118 0.3209594317844936
0 0.3581832136426653 0.14628354140690394 0.36536993299211773 0.29238152503967285
0 0.8904364449637276 0.22465719495500838 0.21842479705810547 0.3427867889404297
0 0.6588332993643624 0.7607982499258858 0.3361530303955078 0.36880016326904297
0 0.8973964282444545 0.5931471415928432 0.20395810263497488 0.3933188574654715
0 0.12404063769749232 0.5790995189121791 0.2475574697766985 0.3120956080300467
0 0.6328912462506976 0.1861105135508946 0.34230596678597586 0.3191429206303188
0 0.398838928767613 0.48248631613595144 0.3601275512150356 0.2840093544551304
0 0.5784410749162946 0.0489395729133061 0.13627495084490096 0.0978791458266122
0 0.8512043271745954 0.9052807944161552 0.2968343326023647 0.18923248563494002
0 0.08038723468780518 0.951613221849714 0.16023247582571848 0.09577369689941406
0 0.07336599486214775 0.07879558631352016 0.14616731234959193 0.062046051025390625
0 0.12329844917569842 0.8611958367483956 0.22745331696101598 0.2776083265032087
0 0.7945468085152763 0.0677635840007237 0.30993768147059847 0.13540169170924596