0 0.19860889230455672 0.482607330594744 0.3965914930616106 0.42939819608415875
0 0.5585743699754987 0.08472401755196708 0.3627527100699289 0.16864834512983048
0 0.776414053780692 0.5007591928754535 0.3502335548400879 0.2998786313193185
0 0.8378163065229144 0.1809739896229335 0.3229999542236328 0.36059703145708355
0 0.2182824100766863 0.840139525277274 0.43601700237819124 0.3179806300571987
0 0.10774521316800799 0.15559164115360805 0.2151965924671718 0.3092538629259382
0 0.608971187046596 0.7211583682468959 0.3832778590066092 0.382944004876273
0 0.5617685317993164 0.30997579438345774 0.2735840933663504 0.3014094488961356
0 0.40278731073651997 0.5091301373073033 0.2408050298690796 0.35401984623500277
0 0.3089564527784075 0.172353880746024 0.27326129164014545 0.31598329544067383
0 0.30793448856898714 0.17024028301239014 0.27505169595990864 0.3196584497179304
0 0.3434079033987863 0.4962320327758789 0.3622260774884905 0.386427640914917