0 0.17519528525216238 0.6669943673270089 0.21936941146850586 0.23616906574794225
0 0.06633707455226354 0.8433445521763393 0.13179618971688406 0.2556535857064383
0 0.043014121907097955 0.6254024505615234 0.08573672601154872 0.1858365195138114
0 0.34350970813206266 0.31419791494097027 0.15421572753361293 0.1640775544302804
0 0.3267207145690918 0.47453287669590544 0.18525256429399764 0.17069510051182338
0 0.3797168731689453 0.13536803211484635 0.2134216342653547 0.23357508863721574
0 0.3591163839612688 0.5998836926051548 0.18249581541333879 0.19543375287737166
0 0.517655645098005 0.5329766954694476 0.21185129029410227 0.2326549461909703
0 0.24104137080056326 0.10746185268674578 0.13508316448756627 0.1566234486443656
0 0.06009847777230399 0.24108869688851492 0.11985487597329277 0.18560431684766496
0 0.7853499140058245 0.7876058306012835 0.23864405495779856 0.24402407237461635
0 0.604079110281808 0.2241988011768886 0.23319169453212193 0.2302687849317278
0 0.1758220876966204 0.3349825995309012 0.19344658511025564 0.17050777162824357