0 0.11320921352931432 0.8273532049996513 0.22613378933497838 0.3440093312944685
0 0.07316500799996513 0.47000013078962055 0.14590655054364884 0.3605062280382429
0 0.38533926010131836 0.793247904096331 0.3075838088989258 0.32305846895490375
0 0.6412833077566964 0.6762466430664062 0.2796588625226702 0.26712608337402344
0 0.23083158901759557 0.5573762144361224 0.2992753301348005 0.31979567664010183
0 0.4467241423470633 0.5403169563838414 0.19731034551348006 0.2144653456551688
0 0.9544507435389927 0.23258096831185476 0.08998680114746094 0.26101672649383545
0 0.23284212180546351 0.9723008700779506 0.220228910446167 0.054798126220703125
0 0.8893993922642299 0.6731420244489398 0.22120114735194615 0.2389678955078125
0 0.8418024608067104 0.5222358363015311 0.21726397105625697 0.1833322388785226
0 0.6835596902029855 0.8743010929652623 0.300436190196446 0.25020830971854074
0 0.9015274047851562 0.8872369357517788 0.19595370973859513 0.22458348955426896
0 0.9048001425606864 0.3857449804033552 0.17392424174717494 0.1785252434866769
0 0.8534870828901019 0.18104187079838344 0.15720421927315847 0.1824359212602888