0 0.3551051276070731 0.8447915485927037 0.30810042790004183 0.2903346334184919
0 0.8363616807120187 0.26484508173806326 0.32114410400390625 0.3375417504991804
0 0.10897122962134224 0.8141706330435616 0.2177527802331107 0.2778550556727818
0 0.18923153196062362 0.25029589448656353 0.23335509640829905 0.22014280727931432
0 0.9404450144086566 0.8661064420427594 0.11851324353899274 0.2657115800040109
0 0.43142175674438477 0.5841640744890485 0.2901761531829834 0.29184610503060476
0 0.6097792216709682 0.8180909837995257 0.23046936307634627 0.29446254457746235
0 0.09709620475769043 0.9714905875069755 0.1935397216251918 0.056376252855573385
0 0.8396335329328265 0.061664155551365445 0.22202151162283762 0.12332831110273089
0 0.9286031723022461 0.6066227640424456 0.14211750030517578 0.25916225569588797
0 0.6612130573817662 0.5152934619358608 0.27394219807216097 0.3060874938964844
0 0.6007308959960938 0.09505305119923182 0.21373789651053293 0.19010610239846365
0 0.7817781312125069 0.7702465057373047 0.3114032745361328 0.2499420302254813
0 0.16296165330069406 0.5817356109619141 0.2544607605252947 0.2313669068472726
0 0.12946557998657227 0.4084914071219308 0.21416139602661133 0.17441725730895996
0 0.6693380900791713 0.9786569050380162 0.2076270239693778 0.04206623349870954
0 0.5515579496111188 0.2820143869944981 0.2851184776851109 0.2435117108481271
0 0.855703490121024 0.5140072958809989 0.2008686065673828 0.20349887439182826
0 0.50175598689488 0.4984564781188965 0.9922748293195452 0.9738550186157227
0 0.41496753692626953 0.21854444912501744 0.2274160725729806 0.19713435854230607