0 0.282122050012861 0.6713025229317802 0.33435661452157156 0.2928550583975656
0 0.6291616303580148 0.8784967150006976 0.31000917298453196 0.24188246045793807
0 0.7381326811654227 0.0932973963873727 0.34513817514692036 0.18644516808646067
0 0.8901284081595284 0.8997167859758649 0.21867193494524276 0.19988461903163365
0 0.5584617342267718 0.6295507975987026 0.26189800671168734 0.2973998955317906
0 0.06351278083665031 0.6512219565255302 0.1267358660697937 0.28225088119506836
0 0.9221563339233398 0.6425163405282157 0.15424462727137975 0.3595056874411447
0 0.5569452217647007 0.26211646624973844 0.303170953478132 0.33468151092529297
0 0.7125635828290667 0.5240920611790248 0.3375522068568638 0.26007080078125
0 0.8964406422206334 0.3454491751534598 0.20585039683750697 0.2631361314228603
0 0.34203740528651644 0.39070371219090055 0.3178814479282924 0.30179602759225027
0 0.07983344793319702 0.8907054492405483 0.15925095762525285 0.21745681762695312
0 0.09715378284454346 0.41262245178222656 0.19430756568908691 0.24310779571533203
0 0.7846592494419643 0.2760948964527675 0.21184825897216797 0.211613552910941
0 0.9494609832763672 0.10426042761121478 0.0999744279044015 0.20808022362845285
0 0.10911014250346593 0.10982836995806013 0.21641535418374197 0.21965673991612025