0 0.3846050330570766 0.8010098593575614 0.35450894492013113 0.39741972514561247
0 0.09455931186676025 0.2759579930986677 0.18910656656537736 0.2627758128302438
0 0.6194179398672921 0.6692939485822406 0.30900001525878906 0.32217635427202496
0 0.8945368358067104 0.553701639175415 0.20999581473214285 0.2823967933654785
0 0.7305308069501605 0.40056698662894114 0.26129954201834543 0.2601136139460972
0 0.07454100676945277 0.9026397977556501 0.1470799105507987 0.1939819199698312
0 0.8505954742431641 0.817448343549456 0.29762206758771625 0.3068837438310896
0 0.15828795092446463 0.6400908061436245 0.31554695538112093 0.36147369657244
0 0.3686800003051758 0.48053015981401714 0.2454695361001151 0.27492053168160574
0 0.31070542335510254 0.14442169666290283 0.2511769192559378 0.28884339332580566
0 0.17721016066414969 0.43746696199689594 0.20265843187059676 0.14985687392098562
0 0.8921436582292829 0.10716230528695243 0.21549626759120397 0.21432461057390487
0 0.601649420601981 0.16891024793897355 0.27633646556309294 0.26892428738730295
0 0.49147067751203266 0.34057188034057617 0.12043322835649763 0.184279203414917