0 0.07810100487300328 0.2963035447256906 0.15611250059945242 0.2676071269171579
0 0.2690391540527344 0.7685209001813617 0.260086076600211 0.30320889609200613
0 0.7298605782645089 0.467804023197719 0.347846439906529 0.3720734119415283
0 0.9323188236781529 0.6301526342119489 0.13381501606532506 0.3379590170724051
0 0.0738598108291626 0.7495613779340472 0.1467893123626709 0.24609007154192244
0 0.2275477647781372 0.9254426956176758 0.29778449875967844 0.14859676361083984
0 0.42330619267054964 0.43554980414254324 0.3033292293548584 0.28707967485700336
0 0.4980852263314383 0.13240825278418406 0.24505669730050222 0.26408333437783377
0 0.5175719942365374 0.7840747833251953 0.27799854959760395 0.33020080838884625
0 0.29883064542497906 0.2821982758385794 0.2945384979248047 0.24400625910077775
0 0.2180960008076259 0.5190361908503941 0.2491964272090367 0.24606193814958846
0 0.3091403416224888 0.08329843623297555 0.2318507092339652 0.16581213474273682
0 0.7843784604753766 0.10612932273319789 0.26540981020246235 0.21225864546639578
0 0.04302557025636945 0.5255359922136579 0.0858684778213501 0.2001148291996547
0 0.9573219844273159 0.17448171547480992 0.08437633514404297 0.23591188022068568