0 0.7083816528320312 0.3997734614780971 0.3027562413896833 0.32907465526035856
0 0.2519505875451224 0.9075404575892857 0.2968846389225551 0.18448523112705775
0 0.919759886605399 0.5180074487413678 0.15929910114833287 0.297234194619315
0 0.8646996361868722 0.7335775239127023 0.26975836072649273 0.2587742124285017
0 0.5336236953735352 0.6638919285365513 0.2641198294503348 0.2941382953098842
0 0.3150076184953962 0.7105374336242676 0.2667339529309954 0.2827167510986328
0 0.7385368347167969 0.1559018577848162 0.22255877086094447 0.1972623211996896
0 0.8714320319039481 0.9264724595206124 0.2571360043116978 0.1461078098842076
0 0.10311066252844674 0.34429495675223215 0.20495099680764334 0.21619600909096853
0 0.49820406096322195 0.19228851795196533 0.2108100482395717 0.2105083806174142
0 0.7186145101274762 0.6277715138026646 0.2278939655848912 0.18281970705304826
0 0.09363800287246704 0.7026612418038505 0.18727600574493408 0.22589731216430664
0 0.4832306589399065 0.04503855109214783 0.15160141672406877 0.09007710218429565
0 0.4394920212881906 0.4072742462158203 0.2741292885371617 0.24009721619742258
0 0.6452985491071429 0.8745925767081124 0.29336663654872347 0.2499267033168248
0 0.05900117329188755 0.9014913014003209 0.11763451780591692 0.19607046672276088
0 0.06951700363840375 0.5136750085013253 0.1386036617415292 0.1743589128766741
0 0.4865705966949463 0.8983543259756905 0.19592210224696568 0.20290960584368026
0 0.33500490869794575 0.15930577686854772 0.1897521529878889 0.14179503066199167