0 0.2503131798335484 0.6390433992658343 0.33910138266427176 0.294135468346732
0 0.604670797075544 0.8541123526436942 0.3170452117919922 0.29067877360752653
0 0.8818221773420062 0.8711904798235212 0.23534815652029856 0.2573631150381906
0 0.5092249597821917 0.20594404424939836 0.31004466329302105 0.3438657692500523
0 0.3010011059897287 0.3509523187364851 0.32336691447666716 0.3019353321620396
0 0.878124509538923 0.2772323063441685 0.24290432248796737 0.26368398325783865
0 0.5301456451416016 0.5857336861746651 0.2714087281908308 0.29815190179007395
0 0.6898844582693917 0.06372592278889247 0.3121969018663679 0.12745184557778494
0 0.07651939562388829 0.38380769320896696 0.15261644976479666 0.24192237854003906
0 0.908663136618478 0.5780439376831055 0.18144185202462332 0.3726928234100342
0 0.08647679431097847 0.0987551042011806 0.17228073733193533 0.1975102084023612
0 0.6754959651402065 0.4654867308480399 0.3419892447335379 0.2695190906524658
0 0.06602612563541957 0.8827806200299945 0.1312715666634696 0.23305715833391463
0 0.045909306832722256 0.6295054299490792 0.091577981199537 0.28301095962524414
0 0.9249096597943988 0.07338384219578334 0.14894349234444754 0.146709714617048
0 0.740243639264788 0.2091561726161412 0.21018314361572266 0.21357672555106028
0 0.4462714535849435 0.9794961384364537 0.23882109778267996 0.04038238525390625
0 0.40543685640607563 0.07762479782104492 0.2981768676212856 0.15524959564208984