0 0.3929657254900251 0.8104438781738281 0.41549573625837055 0.37803806577410015
0 0.5916085924421038 0.5665430341448102 0.384195123400007 0.3348549093518938
0 0.19518186364855086 0.6011996950422015 0.2759830951690674 0.38773056438991
0 0.32876614161900114 0.10175347328186035 0.41302510670253206 0.20347012792314803
0 0.06687443171228681 0.5978841781616211 0.13292827776500157 0.42928760392325266
0 0.3690147399902344 0.36328026226588656 0.3133683885846819 0.3296429089137486
0 0.11719273669379097 0.23764239038739884 0.2342953852244786 0.35254478454589844
0 0.10745629242488317 0.9033190863473075 0.21428915432521276 0.19247184480939591
0 0.8452099391392299 0.32425624983651297 0.30565827233450754 0.3119697570800781
0 0.8898250034877232 0.09938075712748937 0.2203500611441476 0.19876151425497873
0 0.657869815826416 0.20339647361210414 0.3876222882952009 0.40597442218235563
0 0.9437402997698102 0.5323758806501117 0.11200789042881557 0.3169459956032889
0 0.8894191469464984 0.0982416101864406 0.2198707035609654 0.1963386365345546