0 0.879558903830392 0.8518868173871722 0.23955767495291574 0.295525142124721
0 0.3540829249790737 0.8784491675240653 0.39384848730904715 0.24307707377842494
0 0.679809434073312 0.5450050490243095 0.32339283398219515 0.3167126178741455
0 0.6115129334586007 0.8442455019269671 0.30051326751708984 0.2688991001674107
0 0.09718718699046544 0.8059665816170829 0.1939112629209246 0.3759856905255999
0 0.8539597647530692 0.2564244270324707 0.21556057248796737 0.2159992115838187
0 0.11011056389127459 0.09940625940050397 0.22022112778254918 0.1723066738673619
0 0.8529838834490094 0.6189167840140206 0.27565908432006836 0.25132410866873606
0 0.397920949118478 0.6286235536847796 0.31836070333208355 0.31196165084838867
0 0.21311565807887486 0.4984358378819057 0.26780242579323904 0.2674133777618408
0 0.6397227559770856 0.21147079127175467 0.2215707983289446 0.1801173005785261
0 0.9155563626970563 0.4670941489083426 0.16790042604718888 0.2613307067326137
0 0.2842800276620047 0.3356579712459019 0.18098163604736328 0.16851540974208287
0 0.7706426892961774 0.38188934326171875 0.17211416789463588 0.17515812601361955
0 0.10464433261326381 0.2763946056365967 0.20864793232509068 0.29498774664742605
0 0.7618586676461356 0.09070836646216256 0.1871516363961356 0.18094660554613387
0 0.641930375780378 0.9743461608886719 0.2379913330078125 0.05061687741960798
0 0.42646649905613493 0.45598323004586355 0.19209527969360352 0.12376965795244489
0 0.03366232982703617 0.47935880933489117 0.0671985958303724 0.12956179891313827
0 0.411743095942906 0.14446793283735002 0.371086665562221 0.2876836912972586