0 0.49672698974609375 0.422100339617048 0.32031754084995817 0.33782291412353516
0 0.12317895889282227 0.7698395592825753 0.24635791778564453 0.2884050096784319
0 0.12077521426337105 0.9387696811131069 0.24148997238704137 0.12178380148751396
0 0.32077646255493164 0.7259703363691058 0.27993730136326384 0.3115343025752476
0 0.4209395136151995 0.8909545625959124 0.37757461411612375 0.21715048381260463
0 0.7507907322474888 0.9406133379255023 0.31018195833478657 0.11769771575927734
0 0.5639387880052839 0.13816470759255545 0.21974025453839982 0.22345583779471262
0 0.805577005658831 0.5296202046530587 0.3419454438345773 0.30742079871041433
0 0.8601796967642648 0.346463816506522 0.21513189588274276 0.1231760127203805
0 0.3132829325539725 0.20066879476819718 0.22275238377707346 0.2257427147456578
0 0.35288327080862864 0.028168778334345137 0.1769449199948992 0.056337556668690274
0 0.7290758405412946 0.7582727159772601 0.3592193467276437 0.26125948769705637
0 0.9258668763296944 0.2235140289579119 0.14794458661760604 0.16873942102704728
0 0.8244853700910296 0.9052955082484654 0.14559023720877512 0.1154552868434361
0 0.23688599041530065 0.44576965059552875 0.27542080198015484 0.25784904616219656