0 0.30704852512904574 0.76364837374006 0.3443467276436942 0.37452125549316406
0 0.7004436765398298 0.5746142523629325 0.35972670146397184 0.3391040733882359
0 0.9135916573660714 0.4732664312635149 0.17171614510672434 0.3796876498631069
0 0.6606050900050572 0.8591150556291852 0.4207486765725272 0.281210150037493
0 0.48859715461730957 0.4208493573325021 0.2893421309334891 0.2888880457196917
0 0.2314669064113072 0.4159221989767892 0.21203129632132395 0.22679574148995535
0 0.1074475646018982 0.592583179473877 0.21474874019622803 0.31973116738455637
0 0.9135402951921735 0.04491427540779114 0.1716579028538295 0.08982855081558228
0 0.30747529438563753 0.20348916734967912 0.3250421796526228 0.28458099705832346
0 0.04677353586469378 0.25868490764072966 0.09354707172938756 0.34798009055001394
0 0.13830064875738962 0.8642354692731585 0.276072587285723 0.2697818619864328
0 0.551168612071446 0.22745488371167863 0.19927576610020228 0.18783763476780482
0 0.66634430204119 0.0858599032674517 0.2606572083064488 0.1717198065349034
0 0.8797745023454938 0.8103723526000977 0.23951659883771623 0.3158856119428362
0 0.8628275735037667 0.2078063828604562 0.27333545684814453 0.29453863416399273
0 0.9187453133719308 0.9719063895089286 0.16150965009416854 0.05568388530186245