0 0.4891207218170166 0.7986698831830706 0.41503831318446566 0.40135111127580914
0 0.8179695946829659 0.826134204864502 0.32466009684971403 0.34634835379464285
0 0.4795363630567278 0.16250475815364293 0.4064858981541225 0.32477552550179617
0 0.5160949570792062 0.5280558041163853 0.3822540215083531 0.3236528124128069
0 0.18839454650878906 0.6445795467921666 0.3763063294546945 0.35911835942949566
0 0.8409538269042969 0.4629429749080113 0.31809227807181223 0.4146477154323033
0 0.16414834771837508 0.28946757316589355 0.3280388627733503 0.3637471880231585
0 0.775115830557687 0.2008004869733538 0.3717893191746303 0.3588590621948242
0 0.11540435893195015 0.06306221229689461 0.22927834306444442 0.12612442459378922
0 0.09796470403671265 0.9639606475830078 0.19120943546295166 0.07104948588779994
0 0.7091309683663505 0.04588371941021511 0.12076916013445173 0.09170221430914742
0 0.8796982084001813 0.07853290864399501 0.23891278675624303 0.1564861536026001
0 0.9694919586181641 0.23416880198887416 0.06054149355207171 0.1970121349607195
0 0.9720847266060966 0.6298683030264718 0.054867948804582865 0.28267686707632883