0 0.4591479982648577 0.7793311391557965 0.3945222241537912 0.3477251870291574
0 0.10923830100468226 0.7807301793779645 0.21820756367274693 0.38792732783726286
0 0.8897801807948521 0.7412886619567871 0.21912275041852677 0.3693113327026367
0 0.20975044795445033 0.22878307955605642 0.41888427734375 0.3170779432569231
0 0.5232950278690883 0.3993452957698277 0.3954965727669852 0.4451354571751186
0 0.24904956136431014 0.5431494031633649 0.2947087969098772 0.3299346651349749
0 0.7412071228027344 0.5137508937290737 0.32785013743809294 0.31973399434770855
0 0.9342080524989537 0.4188979012625558 0.1311492919921875 0.29360648563929964
0 0.22264538492475236 0.9289508547101702 0.388641357421875 0.14131546020507812
0 0.8117224829537528 0.24399335043770926 0.2674181120736258 0.2891216959272112
0 0.0658025826726641 0.4128453050340925 0.1313734224864415 0.3393653460911342
0 0.948444162096296 0.17024617535727365 0.1021686281476702 0.24319047587258474
0 0.7244814464024135 0.11412263768059867 0.31000287192208426 0.22779153074537004
0 0.2610421010426113 0.061925143003463745 0.31599293436322895 0.12385028600692749
0 0.5612139020647321 0.06428298779896327 0.3049518040248326 0.12819606917245047