0 0.3071075507572719 0.7073273658752441 0.32232740947178434 0.29006099700927734
0 0.6445142882210868 0.9014583315168109 0.293374981198992 0.19639056069510324
0 0.7919563565935407 0.11116043158939906 0.4055278641836984 0.22230488913399832
0 0.5851590973990304 0.3556466783796038 0.3267454079219273 0.3611818722316197
0 0.10594937631062099 0.9202468054635184 0.21166387626102992 0.15897062846592494
0 0.075471750327519 0.7040955679757255 0.1506251096725464 0.28117428507123676
0 0.9150748934064593 0.4175856113433838 0.1684943607875279 0.301269599369594
0 0.46082561356680735 0.10334432125091553 0.3341268130711147 0.20668864250183105
0 0.10346911634717669 0.4494119371686663 0.20658142226082937 0.2592085770198277
0 0.5656640189034599 0.6660940987723214 0.23318253244672502 0.27875406401497976
0 0.8904721396309989 0.926924433026995 0.21905578885759627 0.14507504871913365
0 0.9317758423941476 0.7328064782278878 0.135129519871303 0.34641783578055246
0 0.3439110347202846 0.43263537543160574 0.3153140885489328 0.32431888580322266
0 0.7369497844151088 0.6100123950413295 0.33968731335231234 0.30226288522992817
0 0.06217901621546064 0.23514883858816965 0.12405609233038765 0.18751750673566545
0 0.8083051272800991 0.30939163480486187 0.2637367248535156 0.22084610802786692
0 0.4949753625052316 0.8783202852521624 0.16731749262128556 0.2433594294956752
0 0.09409420830862862 0.08314346415655953 0.1877333096095494 0.16628692831311906
0 0.26476849828447613 0.2178004128592355 0.28051253727504183 0.24376692090715682
0 0.24437424114772252 0.05088208828653608 0.136515702520098 0.10146467174802508