0 0.6380114555358887 0.8960985456194196 0.3081089769090925 0.2073791367667062
0 0.29587745666503906 0.6988516535077777 0.32953252111162457 0.29461193084716797
0 0.7571291242327008 0.11208994047982353 0.35557671955653597 0.2241664273398263
0 0.08596967799322945 0.9031765801565987 0.17159272943224227 0.1932870319911412
0 0.571484020778111 0.6592632021222796 0.25615102904183523 0.2954467705317906
0 0.9283294677734375 0.6851199013846261 0.14206538881574357 0.3565101623535156
0 0.5797545569283622 0.3012940543038504 0.3002865655081613 0.3354975496019636
0 0.9056722096034459 0.3882612500871931 0.18751777921404159 0.26444806371416363
0 0.7292077881949288 0.5629514285496303 0.33474390847342356 0.26060577801295687
0 0.8940220560346331 0.9186850956508091 0.21064036233084543 0.16170658384050643
0 0.07227679661342076 0.6728767667497907 0.144209691456386 0.2798543316977365
0 0.3567819595336914 0.417949948992048 0.3147463798522949 0.29965836661202566
0 0.10542585168566022 0.4370354584285191 0.21013140678405762 0.24024418422154017
0 0.9611167907714844 0.12012134279523577 0.07675014223371233 0.2397874082837786
0 0.8030145508902413 0.3119684968675886 0.213162967136928 0.2177326168332781
0 0.4767772470201765 0.11309618609292167 0.2993854113987514 0.22619237218584334
0 0.11862508739743914 0.12571224996021815 0.2336230788912092 0.22199172633034842