0 0.35014029911586214 0.7827858243669782 0.3139850412096296 0.2905043193272182
0 0.8228680746895927 0.17061025755746023 0.33697434834071566 0.34109088352748324
0 0.6148672103881836 0.7508226122174945 0.24477747508457728 0.29446234021868023
0 0.6724615778241839 0.9434915270124163 0.28591956411089214 0.11176204681396484
0 0.11308501447950091 0.9414638791765485 0.22438853127615793 0.11644329343523298
0 0.10344698599406651 0.7547369003295898 0.20687084538596018 0.2753759111676897
0 0.6436947413853237 0.42303466796875 0.2889148507799421 0.31573077610560824
0 0.5859578677586147 0.059499153069087436 0.2191347054072789 0.11899830613817487
0 0.419018064226423 0.513531003679548 0.29829066140311106 0.2937282494136265
0 0.7791738510131836 0.6803915841238839 0.32487467357090544 0.25157315390450613
0 0.9275741577148438 0.5115435464041573 0.143843446459089 0.26265430450439453
0 0.4080563953944615 0.037731949772153585 0.15412684849330358 0.07546389954430717
0 0.9465171269008091 0.7992638860430036 0.10656281879970006 0.3271545682634626
0 0.17607814925057547 0.20004028933388845 0.23298570087977818 0.21684915678841726
0 0.8502591678074428 0.42639555249895367 0.21256487710135324 0.21267100742885045
0 0.9313873563494001 0.9716034616742816 0.1372253554207938 0.056060654776436944
0 0.14586940833500453 0.5216368947710309 0.25737692628587994 0.23329315866742814
0 0.5360591752188546 0.20463715280805314 0.2902792181287493 0.24534118175506592