0 0.09472713300159999 0.6630451338631767 0.18912313665662492 0.27685747827802387
0 0.2679669516427176 0.7125814982822963 0.20473369530269078 0.22225345884050643
0 0.16253651891435897 0.8990453311375209 0.2672027860369001 0.20066452026367188
0 0.4117147581917899 0.6526739937918526 0.1450399330684117 0.1618624414716448
0 0.5617236069270543 0.7305310794285366 0.19532646451677596 0.20325538090297154
0 0.7223661967686245 0.9566808428083148 0.2321634292602539 0.08550739288330078
0 0.33227791104997906 0.9788900102887835 0.14485045841761998 0.04165281568254743
0 0.8652718407767159 0.6874866485595703 0.16832426616123744 0.2004870687212263
0 0.9290078026907784 0.8261517116001674 0.1419843946184431 0.1814596312386649
0 0.6401305879865374 0.1382737500326974 0.1923931326184954 0.1979015554700579
0 0.7443462099347796 0.46201678684779574 0.12687533242361887 0.14139955384390696
0 0.94354248046875 0.45677355357578825 0.11207042421613421 0.19223356246948242
0 0.7060403823852539 0.5932095391409737 0.15004873275756836 0.1512908935546875