0 0.30831313133239746 0.8797230039324079 0.33150059836251394 0.24017136437552317
0 0.5764955793108258 0.7898550714765277 0.2941511017935617 0.2952948978969029
0 0.6332494190761021 0.938190255846296 0.30926527295793804 0.12271881103515625
0 0.14973008632659912 0.686931678227016 0.29909348487854004 0.34848768370492117
0 0.3709795815604074 0.6518667084830148 0.2074491466794695 0.23690087454659597
0 0.9219976152692523 0.3030573981148856 0.15502970559256418 0.2676824501582554
0 0.06749311089515686 0.9072444098336356 0.13348358869552612 0.18444817406790598
0 0.8462197440011161 0.7822784696306501 0.249190126146589 0.25406585420881
0 0.950934750693185 0.7852230072021484 0.09773063659667969 0.2903233255658831
0 0.7847931725638253 0.6177658353533063 0.21670450483049666 0.19939865384783065
0 0.681316648210798 0.4041216032845633 0.2130108560834612 0.18063507761274064
0 0.7856642859322684 0.2579892022269113 0.16407373973301478 0.2086244821548462
0 0.9507249423435756 0.5268779482160296 0.09742505209786552 0.16690213339669363