0 0.06868988275527954 0.7070689882550921 0.13695945058550155 0.29542691367013113
0 0.36812026160103933 0.6915804999215263 0.15599499429975236 0.17297744750976562
0 0.2144192968096052 0.7564289910452706 0.21822248186383927 0.23159006663731166
0 0.5240793568747384 0.7703899656023298 0.20304209845406668 0.21044002260480607
0 0.12307546819959368 0.9237982886178153 0.24615093639918736 0.15167897088187082
0 0.8379507746015277 0.7212907246180943 0.1793504442487444 0.20912483760288783
0 0.35349559783935547 0.8881493295942035 0.22784241608210973 0.2230052947998047
0 0.9631008420671735 0.9459428787231445 0.07275656291416713 0.10694694519042969
0 0.3164278439113072 0.35391248975481304 0.17118605545588902 0.1574314832687378
0 0.7092530386788505 0.7519106864929199 0.1688222885131836 0.17783491952078684
0 0.6756189210074288 0.62562438419887 0.1564217976161412 0.15899756976536342
0 0.5064896856035505 0.49956120763506207 0.9763672692435128 0.969275678907122
0 0.9309865406581334 0.4848240784236363 0.13721350261143275 0.20446811403547013