0 0.9029808044433594 0.598128250667027 0.19307552065168107 0.2797770840781076
0 0.754509449005127 0.13129390989031112 0.2283900124686105 0.2459620407649449
0 0.156678421156747 0.6605772972106934 0.28879523277282715 0.2865625449589321
0 0.08379387855529785 0.12670135498046875 0.16691906111580984 0.20635223388671875
0 0.6327522822788784 0.7529538018362862 0.35068191800798687 0.35017313276018414
0 0.22865469115121023 0.4369861398424421 0.20640456676483154 0.20490530558994838
0 0.6163398197719029 0.3039290564400809 0.23926850727626256 0.2006960936955043
0 0.8460954938616071 0.3497282436915806 0.2304565565926688 0.23718345165252686
0 0.736363410949707 0.5145717348371234 0.19618518011910574 0.22886906351361955
0 0.46209369386945454 0.16102184568132674 0.22736835479736328 0.24181507314954484
0 0.3429600511278425 0.8428017752511161 0.32955258233206614 0.31328821182250977
0 0.3428574630192348 0.2687133720942906 0.25018697125571115 0.2632026672363281
0 0.837968281337193 0.7827735628400531 0.2409393446786063 0.26680612564086914
0 0.5540779658726284 0.9377538136073521 0.29280086926051546 0.12337895802089147
0 0.3910777909415109 0.6130516188485282 0.20577713421412877 0.20706708090645926
0 0.08520525693893433 0.02917617985180446 0.17025935649871826 0.05835235970360892
0 0.11229942526136126 0.2943591390337263 0.19212123325892858 0.12478409494672503
0 0.9514763695853097 0.8998392650059291 0.09613588878086635 0.20032140186854772
0 0.5380950655255999 0.47818238394601004 0.28832868167332243 0.26318492208208355