0 0.05698281100818089 0.7265644754682269 0.1133360607283456 0.29420907156808035
0 0.11666816473007202 0.9348829133169991 0.23330107757023402 0.1292710985456194
0 0.19167324474879674 0.7760005678449359 0.22070278440202987 0.23363263266427176
0 0.3467362608228411 0.7053870473589215 0.15841756548200334 0.17221573420933314
0 0.33533668518066406 0.8946304321289062 0.23137029579707555 0.21011788504464285
0 0.5069785118103027 0.7802088601248605 0.2057832990373884 0.2086233411516462
0 0.9583450044904437 0.9474975040980748 0.0822195325578962 0.10385397502354213
0 0.8221984590802874 0.7259299414498466 0.18130268369402205 0.2089989525931222
0 0.5770480973379952 0.1593522003718785 0.20202047484261648 0.20439900670732772
0 0.6583448137555804 0.6343667166573661 0.1578083038330078 0.16448150362287248
0 0.922893796648298 0.48507870946611675 0.15341813223702566 0.20599276678902761
0 0.9097664696829659 0.871382577078683 0.1804670606340681 0.1939655031476702
0 0.5306834833962577 0.5239817414964948 0.9375668253217425 0.9373910767691476
0 0.6957268714904785 0.4950507027762277 0.1294292722429548 0.14744319234575545
0 0.7655450275966099 0.3530217579432896 0.17135354450770787 0.21020400524139404