0 0.6572518348693848 0.6500366074698312 0.3490309034075056 0.34732300894601004
0 0.8501452718462262 0.2914651802607945 0.2317985807146345 0.22857836314610072
0 0.8872626849583217 0.9034944261823382 0.22453348977225168 0.1922435760498047
0 0.6065803255353656 0.9075017656598773 0.3183131217956543 0.18465273720877512
0 0.6183671951293945 0.26003430570874897 0.23642866952078684 0.19126118932451522
0 0.17238496031079972 0.6089072908673968 0.2826505047934396 0.27490718024117605
0 0.7352519716535296 0.10758602619171143 0.22008841378348215 0.21494221687316895
0 0.8616327558244977 0.7016548429216657 0.27546235493251253 0.27840117045811247
0 0.46501473018101286 0.1569028922489711 0.20819146292550222 0.23506692477634974
0 0.09133728912898473 0.17460170813969203 0.18234702519008092 0.19442708151681082
0 0.33009941237313406 0.24192540986197336 0.272467953818185 0.2419776405606951
0 0.7564658437456403 0.44850339208330425 0.1908715111868722 0.20252071108136857
0 0.35647443362644743 0.7614783559526715 0.33605888911655973 0.3316753932407924
0 0.24609872273036412 0.42054830278669086 0.20274167401450022 0.18706931386675155
0 0.9173603057861328 0.5207558359418597 0.16431924274989537 0.28563921792166574
0 0.014306714492184775 0.5972549574715751 0.028527730277606418 0.1222578798021589
0 0.07900987352643694 0.4161150114876883 0.1577716554914202 0.24881039346967423
0 0.07318955659866333 0.8923507417951312 0.1463531596320016 0.21445158549717494
0 0.09229324545179095 0.05608965243612017 0.1837496076311384 0.11207000698362078