0 0.21391076701028006 0.6227385657174247 0.34623115403311594 0.29831062044416157
0 0.5722108568464007 0.8395667757306781 0.32189978872026714 0.31149217060634066
0 0.8663067817687988 0.854278428213937 0.26633358001708984 0.29009934834071566
0 0.4545996529715402 0.1755317108971732 0.3242603029523577 0.3510634217943464
0 0.25343942642211914 0.32809100832257954 0.3286874634878976 0.30943288121904644
0 0.49581881931849886 0.565828800201416 0.277299165725708 0.2948304925646101
0 0.8899705069405692 0.538867575781686 0.21881655284336635 0.38383027485438753
0 0.6322363444737026 0.4350767135620117 0.34259445326668875 0.2734977517809187
0 0.8573530060904366 0.23860313211168563 0.28451647077287945 0.26725220680236816
0 0.04766389301845005 0.8871282849993024 0.09488717147282191 0.22424445833478654
0 0.06309032014438085 0.09225273983819145 0.12588108437401907 0.18447530269622803
0 0.05370120917047773 0.37516631398882183 0.1070982473237174 0.24700582027435303
0 0.41118315287998747 0.9714194706508091 0.26958658014025005 0.05601692199707031
0 0.02534258578504835 0.606769153050014 0.050351351499557495 0.22946739196777344
0 0.6865171704973493 0.18628009728022984 0.19981840678623744 0.20328191348484584