0 0.06459394948823112 0.5538539886474609 0.12890930686678206 0.28655760628836496
0 0.869274548121861 0.5770190783909389 0.26083408083234516 0.28586138997759136
0 0.207464405468532 0.3887854984828404 0.23583333832877024 0.2317345482962472
0 0.060999010290418355 0.33585309982299805 0.12183785438537598 0.19153004033224924
0 0.41820893968854633 0.32432161058698383 0.20675553594316756 0.21886624608721053
0 0.24451535088675364 0.555265120097569 0.26443134035382954 0.2610105105808803
0 0.6108859607151577 0.31041267939976286 0.22172897202628 0.26201207297188894
0 0.4532461166381836 0.74010283606393 0.2914407253265381 0.31995623452322824
0 0.7290161677769252 0.05716275743075779 0.2491508892604283 0.11369471039090838
0 0.24924893038613455 0.7681803022112165 0.25264906883239746 0.22245100566319057
0 0.4445569174630301 0.08949972902025495 0.1607064860207694 0.1726846354348319
0 0.08824298211506434 0.8781668799264091 0.17600057806287492 0.24266930988856725
0 0.39969468116760254 0.21506174973079137 0.20396545955113002 0.15936718668256486
0 0.9023572376796177 0.14927514961787633 0.15521396909441268 0.19364891733442033
0 0.4208935328892299 0.9204051835196358 0.2079329150063651 0.1587982177734375
0 0.23467465809413365 0.19203131539481028 0.15287699018205916 0.17476696627480642
0 0.4907866546085903 0.5050469466618129 0.2398345811026437 0.2007009642464774
0 0.9607196535382952 0.22555060046059744 0.07805143083844866 0.1361846583230155
0 0.04737247313771929 0.1069944075175694 0.0945961560521807 0.21345782279968262
0 0.6210994039263044 0.6242761611938477 0.1853306634085519 0.19532043593270437
0 0.7436173983982631 0.4653755596705845 0.22326115199497767 0.251650299344744