0 0.820711612701416 0.867551326751709 0.2712430953979492 0.2643094744001116
0 0.5367184366498675 0.8744817461286273 0.3018918718610491 0.2500068800789969
0 0.9400206293378558 0.7720684323992048 0.11952223096575056 0.2771515165056501
0 0.5885363306318011 0.586552483694894 0.32306224959237234 0.3226339135851179
0 0.12957853078842163 0.5499788352421352 0.25915706157684326 0.2633459227425711
0 0.2621844325746809 0.908806392124721 0.4029334953853062 0.1816577911376953
0 0.777230943952288 0.6450380597795758 0.2749443735395159 0.25959416798182894
0 0.04783463903835842 0.8495465687343052 0.09566927807671684 0.3006702831813267
0 0.8803220476422992 0.4790276118687221 0.2387286594935826 0.25333012853349957
0 0.5606009619576591 0.23558844838823592 0.22283904893057688 0.18037823268345424
0 0.07159696306501116 0.1420884813581194 0.1423655663217817 0.17027664184570312
0 0.29926490783691406 0.6831997462681362 0.3207618509020124 0.31431664739336285
0 0.20504510402679443 0.37982940673828125 0.1885310241154262 0.17326807975769043
0 0.674325806753976 0.09946766069957189 0.2009908812386649 0.19862111977168492
0 0.05938218321119036 0.3638737201690674 0.11832315581185478 0.22591381413596018
0 0.7782203129359654 0.27130212102617535 0.21862295695713588 0.21959895747048513
0 0.07381864956447057 0.04691182715552194 0.1466824667794364 0.0935971736907959
0 0.6886519023350307 0.4133073943001883 0.1790588242667062 0.18862073762076242
0 0.5390104906899589 0.49596772875104633 0.9219790186200824 0.9466021401541573
0 0.41741980825151714 0.13984269755227224 0.19466686248779297 0.21995905467442103
0 0.2969623293195452 0.21138620376586914 0.24150472027914865 0.23370300020490373
0 0.34779800687517437 0.5046579156603131 0.1758202314376831 0.14302001680646623